0 0.5862831858407079 0.9207920792079208 0.0752212389380531 0.09900990099009901
0 0.41150442477876104 0.9529702970297029 0.08849557522123894 0.09405940594059406
0 0.7411504424778761 0.23514851485148514 0.06637168141592921 0.07425742574257425
0 0.39601769911504425 0.10891089108910891 0.09292035398230089 0.1188118811881188
1 0.4756637168141593 0.15099009900990099 0.084070796460177 0.06435643564356436
1 0.3915929203539823 0.43316831683168316 0.05752212389380531 0.07425742574257425
1 0.24778761061946902 0.12376237623762376 0.07964601769911504 0.0891089108910891
1 0.4579646017699115 0.14356435643564355 0.09292035398230089 0.0594059405940594
1 0.497787610619469 0.5891089108910891 0.09292035398230089 0.1188118811881188
2 0.4756637168141593 0.8118811881188119 0.0752212389380531 0.0891089108910891
4 0.915929203539823 0.3341584158415842 0.08849557522123894 0.07425742574257425
