0 0.6703539823008849 0.15099009900990099 0.084070796460177 0.09405940594059406
0 0.6460176991150443 0.1806930693069307 0.07964601769911504 0.07425742574257425
0 0.5353982300884956 0.7326732673267327 0.09734513274336283 0.10891089108910891
0 0.09292035398230089 0.698019801980198 0.11504424778761062 0.09900990099009901
0 0.11283185840707964 0.6039603960396039 0.084070796460177 0.1188118811881188
1 0.25442477876106195 0.4381188118811881 0.06637168141592921 0.07425742574257425
3 0.42920353982300885 0.8514851485148515 0.07079646017699115 0.07920792079207921
3 0.9269911504424779 0.38613861386138615 0.084070796460177 0.07920792079207921
3 0.27876106194690264 0.17326732673267325 0.07079646017699115 0.0891089108910891
3 0.3075221238938053 0.1188118811881188 0.084070796460177 0.09900990099009901
