1 0.8849557522123894 0.2400990099009901 0.08849557522123894 0.09405940594059406
1 0.8805309734513275 0.7821782178217822 0.08849557522123894 0.07920792079207921
1 0.4889380530973451 0.46782178217821785 0.084070796460177 0.07425742574257425
1 0.18805309734513273 0.6039603960396039 0.084070796460177 0.0891089108910891
1 0.5442477876106194 0.7821782178217822 0.061946902654867256 0.10891089108910891
2 0.14823008849557523 0.5173267326732673 0.10176991150442478 0.07425742574257425
2 0.6150442477876106 0.7029702970297029 0.08849557522123894 0.09900990099009901
2 0.12831858407079647 0.7896039603960396 0.07964601769911504 0.06435643564356436
2 0.17920353982300885 0.5371287128712872 0.084070796460177 0.10396039603960396
2 0.8827433628318584 0.9381188118811881 0.0752212389380531 0.10396039603960396
