0 0.6039823008849557 0.5297029702970297 0.11061946902654868 0.0891089108910891
1 0.2942477876106195 0.07920792079207921 0.0752212389380531 0.1188118811881188
1 0.577433628318584 0.8168316831683168 0.09292035398230089 0.10891089108910891
1 0.9424778761061947 0.47029702970297027 0.07964601769911504 0.06930693069306931
1 0.1504424778761062 0.8663366336633663 0.07964601769911504 0.0891089108910891
1 0.6438053097345132 0.10148514851485149 0.084070796460177 0.07425742574257425
2 0.4269911504424779 0.9628712871287128 0.084070796460177 0.07425742574257425
2 0.2853982300884956 0.28217821782178215 0.0752212389380531 0.09900990099009901
2 0.6238938053097345 0.6683168316831684 0.07964601769911504 0.06930693069306931
2 0.4225663716814159 0.6608910891089109 0.0752212389380531 0.08415841584158416
4 0.3827433628318584 0.8787128712871287 0.0752212389380531 0.07425742574257425
