0 0.6438053097345132 0.47277227722772275 0.0752212389380531 0.10396039603960396
0 0.4823008849557522 0.7722772277227723 0.07964601769911504 0.0891089108910891
0 0.5309734513274337 0.5495049504950495 0.08849557522123894 0.0891089108910891
1 0.3053097345132743 0.21534653465346534 0.08849557522123894 0.11386138613861387
1 0.6991150442477876 0.2004950495049505 0.09734513274336283 0.09405940594059406
1 0.26548672566371684 0.7103960396039604 0.07964601769911504 0.10396039603960396
1 0.497787610619469 0.2599009900990099 0.0752212389380531 0.10396039603960396
2 0.3473451327433628 0.2079207920792079 0.084070796460177 0.07920792079207921
2 0.4579646017699115 0.3193069306930693 0.09292035398230089 0.09405940594059406
3 0.07964601769911504 0.806930693069307 0.061946902654867256 0.07920792079207921
4 0.5265486725663717 0.8960396039603961 0.09734513274336283 0.09900990099009901
