0 0.8893805309734514 0.41089108910891087 0.07079646017699115 0.0891089108910891
0 0.03982300884955752 0.2722772277227723 0.07964601769911504 0.07920792079207921
0 0.2721238938053097 0.22277227722772278 0.09292035398230089 0.10891089108910891
0 0.04424778761061947 0.6435643564356436 0.07079646017699115 0.09900990099009901
0 0.3030973451327434 0.4603960396039604 0.11061946902654868 0.10891089108910891
1 0.6017699115044248 0.4900990099009901 0.07964601769911504 0.07920792079207921
1 0.7101769911504425 0.36633663366336633 0.084070796460177 0.07920792079207921
1 0.584070796460177 0.23514851485148514 0.07964601769911504 0.11386138613861387
3 0.6106194690265486 0.18811881188118812 0.09734513274336283 0.0891089108910891
3 0.4557522123893805 0.17326732673267325 0.061946902654867256 0.0891089108910891
4 0.5176991150442478 0.6212871287128713 0.07079646017699115 0.09405940594059406
