0 0.3274336283185841 0.4975247524752475 0.09734513274336283 0.08415841584158416
0 0.40486725663716816 0.23267326732673269 0.10176991150442478 0.1188118811881188
0 0.38716814159292035 0.2623762376237624 0.06637168141592921 0.0891089108910891
0 0.8915929203539823 0.38366336633663367 0.0752212389380531 0.10396039603960396
0 0.28761061946902655 0.07920792079207921 0.08849557522123894 0.07920792079207921
1 0.1261061946902655 0.24752475247524752 0.0752212389380531 0.0891089108910891
3 0.035398230088495575 0.1608910891089109 0.07079646017699115 0.054455445544554455
3 0.8849557522123894 0.6287128712871287 0.07079646017699115 0.06930693069306931
3 0.40486725663716816 0.22524752475247525 0.05752212389380531 0.09405940594059406
3 0.45132743362831856 0.48514851485148514 0.061946902654867256 0.07920792079207921
