0 0.11283185840707964 0.44801980198019803 0.084070796460177 0.11386138613861387
0 0.9424778761061947 0.31435643564356436 0.07964601769911504 0.11386138613861387
0 0.8827433628318584 0.11386138613861387 0.084070796460177 0.09900990099009901
0 0.21017699115044247 0.23267326732673269 0.084070796460177 0.09900990099009901
0 0.8893805309734514 0.49257425742574257 0.11504424778761062 0.08415841584158416
3 0.45353982300884954 0.05198019801980198 0.05752212389380531 0.09405940594059406
3 0.3672566371681416 0.08415841584158416 0.07964601769911504 0.09900990099009901
3 0.6880530973451328 0.14108910891089108 0.06637168141592921 0.07425742574257425
3 0.7942477876106194 0.7103960396039604 0.06637168141592921 0.09405940594059406
3 0.3915929203539823 0.8762376237623762 0.05752212389380531 0.0891089108910891
