0 0.49336283185840707 0.6039603960396039 0.0752212389380531 0.10891089108910891
0 0.7699115044247787 0.3613861386138614 0.09734513274336283 0.10891089108910891
0 0.8893805309734514 0.8316831683168316 0.07079646017699115 0.0891089108910891
0 0.17256637168141592 0.7970297029702971 0.08849557522123894 0.1188118811881188
1 0.3915929203539823 0.349009900990099 0.09292035398230089 0.09405940594059406
2 0.4269911504424779 0.04950495049504951 0.084070796460177 0.0891089108910891
3 0.5376106194690266 0.37376237623762376 0.0752212389380531 0.07425742574257425
3 0.413716814159292 0.9504950495049505 0.0752212389380531 0.09900990099009901
3 0.07079646017699115 0.24504950495049505 0.07079646017699115 0.054455445544554455
3 0.7920353982300885 0.6064356435643564 0.08849557522123894 0.07425742574257425
