0 0.9092920353982301 0.9034653465346535 0.084070796460177 0.11386138613861387
0 0.8694690265486725 0.06435643564356436 0.0752212389380531 0.10891089108910891
0 0.6504424778761062 0.9405940594059405 0.10619469026548672 0.1188118811881188
0 0.7831858407079646 0.19801980198019803 0.07079646017699115 0.1188118811881188
0 0.3893805309734513 0.5495049504950495 0.07079646017699115 0.09900990099009901
1 0.26991150442477874 0.6113861386138614 0.07964601769911504 0.10396039603960396
1 0.9424778761061947 0.7252475247524752 0.08849557522123894 0.08415841584158416
3 0.13716814159292035 0.4158415841584158 0.07964601769911504 0.06930693069306931
3 0.5685840707964602 0.745049504950495 0.0752212389380531 0.07425742574257425
3 0.827433628318584 0.38366336633663367 0.07964601769911504 0.10396039603960396
4 0.17035398230088494 0.6905940594059405 0.09292035398230089 0.07425742574257425
