0 0.3805309734513274 0.556930693069307 0.09734513274336283 0.10396039603960396
0 0.6128318584070797 0.4900990099009901 0.09292035398230089 0.07920792079207921
0 0.3163716814159292 0.5222772277227723 0.09292035398230089 0.09405940594059406
0 0.4004424778761062 0.37623762376237624 0.11061946902654868 0.1188118811881188
1 0.8628318584070797 0.19554455445544555 0.07964601769911504 0.10396039603960396
2 0.672566371681416 0.3886138613861386 0.08849557522123894 0.09405940594059406
3 0.7676991150442478 0.31683168316831684 0.048672566371681415 0.09900990099009901
3 0.11946902654867257 0.9257425742574258 0.07079646017699115 0.09900990099009901
3 0.5331858407079646 0.27722772277227725 0.05752212389380531 0.07920792079207921
3 0.6570796460176991 0.844059405940594 0.084070796460177 0.08415841584158416
