0 0.8207964601769911 0.28217821782178215 0.084070796460177 0.0891089108910891
0 0.23672566371681417 0.3094059405940594 0.0752212389380531 0.08415841584158416
1 0.7256637168141593 0.6534653465346535 0.10619469026548672 0.0891089108910891
1 0.9203539823008849 0.39851485148514854 0.07964601769911504 0.12376237623762376
1 0.6482300884955752 0.7945544554455446 0.084070796460177 0.08415841584158416
1 0.13938053097345132 0.8663366336633663 0.09292035398230089 0.0891089108910891
2 0.4756637168141593 0.3811881188118812 0.09292035398230089 0.06930693069306931
2 0.2588495575221239 0.42574257425742573 0.048672566371681415 0.0594059405940594
2 0.6371681415929203 0.4430693069306931 0.05309734513274336 0.08415841584158416
3 0.48008849557522126 0.6089108910891089 0.084070796460177 0.06930693069306931
