1 0.8827433628318584 0.3193069306930693 0.0752212389380531 0.08415841584158416
1 0.6216814159292036 0.9034653465346535 0.06637168141592921 0.09405940594059406
1 0.7367256637168141 0.4603960396039604 0.084070796460177 0.0594059405940594
1 0.08628318584070796 0.6732673267326733 0.084070796460177 0.0891089108910891
2 0.838495575221239 0.36633663366336633 0.0752212389380531 0.07920792079207921
2 0.13938053097345132 0.47277227722772275 0.0752212389380531 0.10396039603960396
2 0.4446902654867257 0.8168316831683168 0.06637168141592921 0.07920792079207921
2 0.035398230088495575 0.9034653465346535 0.07079646017699115 0.09405940594059406
2 0.3672566371681416 0.44554455445544555 0.07964601769911504 0.07920792079207921
3 0.21017699115044247 0.5717821782178217 0.084070796460177 0.07425742574257425
4 0.34292035398230086 0.849009900990099 0.048672566371681415 0.06435643564356436
