0 0.3827433628318584 0.3688118811881188 0.06637168141592921 0.08415841584158416
1 0.2588495575221239 0.38366336633663367 0.09292035398230089 0.09405940594059406
1 0.6637168141592921 0.42326732673267325 0.07964601769911504 0.08415841584158416
1 0.13716814159292035 0.452970297029703 0.11504424778761062 0.10396039603960396
1 0.5508849557522124 0.1485148514851485 0.084070796460177 0.10891089108910891
2 0.5951327433628318 0.19306930693069307 0.05752212389380531 0.0891089108910891
2 0.7345132743362832 0.7153465346534653 0.07079646017699115 0.09405940594059406
2 0.4026548672566372 0.1782178217821782 0.08849557522123894 0.0891089108910891
2 0.6792035398230089 0.6584158415841584 0.05752212389380531 0.0891089108910891
3 0.8362831858407079 0.5693069306930693 0.061946902654867256 0.0594059405940594
4 0.8982300884955752 0.6460396039603961 0.061946902654867256 0.09405940594059406
