0 0.5575221238938053 0.6361386138613861 0.08849557522123894 0.10396039603960396
1 0.29646017699115046 0.650990099009901 0.09734513274336283 0.08415841584158416
1 0.4491150442477876 0.1188118811881188 0.06637168141592921 0.0891089108910891
1 0.5398230088495575 0.46782178217821785 0.061946902654867256 0.07425742574257425
2 0.1902654867256637 0.3935643564356436 0.08849557522123894 0.10396039603960396
2 0.36283185840707965 0.13861386138613863 0.07964601769911504 0.07920792079207921
2 0.2323008849557522 0.7846534653465347 0.0752212389380531 0.06435643564356436
2 0.415929203539823 0.3688118811881188 0.061946902654867256 0.07425742574257425
3 0.47123893805309736 0.7376237623762376 0.084070796460177 0.09900990099009901
3 0.9269911504424779 0.1782178217821782 0.09292035398230089 0.06930693069306931
