0 0.4690265486725664 0.9331683168316832 0.07964601769911504 0.09405940594059406
0 0.1504424778761062 0.32425742574257427 0.09734513274336283 0.10396039603960396
1 0.588495575221239 0.12871287128712872 0.07964601769911504 0.07920792079207921
1 0.6703539823008849 0.8787128712871287 0.09292035398230089 0.10396039603960396
1 0.415929203539823 0.1608910891089109 0.07964601769911504 0.07425742574257425
1 0.5199115044247787 0.6683168316831684 0.084070796460177 0.07920792079207921
2 0.8296460176991151 0.7747524752475248 0.0752212389380531 0.09405940594059406
2 0.8893805309734514 0.10643564356435643 0.07079646017699115 0.09405940594059406
2 0.4092920353982301 0.6633663366336634 0.084070796460177 0.0891089108910891
3 0.5530973451327433 0.2202970297029703 0.04424778761061947 0.054455445544554455
4 0.413716814159292 0.551980198019802 0.048672566371681415 0.06435643564356436
