0 0.5597345132743363 0.48514851485148514 0.10176991150442478 0.0891089108910891
0 0.7323008849557522 0.4430693069306931 0.0752212389380531 0.07425742574257425
0 0.4026548672566372 0.4504950495049505 0.07964601769911504 0.06930693069306931
1 0.8805309734513275 0.2004950495049505 0.09734513274336283 0.09405940594059406
1 0.6438053097345132 0.49504950495049505 0.0752212389380531 0.0891089108910891
1 0.7079646017699115 0.7945544554455446 0.08849557522123894 0.08415841584158416
1 0.15486725663716813 0.6311881188118812 0.08849557522123894 0.09405940594059406
1 0.7035398230088495 0.10396039603960396 0.08849557522123894 0.09900990099009901
2 0.43805309734513276 0.5717821782178217 0.07964601769911504 0.08415841584158416
2 0.38495575221238937 0.35148514851485146 0.08849557522123894 0.09900990099009901
4 0.3185840707964602 0.7202970297029703 0.07079646017699115 0.07425742574257425
