0 0.8915929203539823 0.1311881188118812 0.09292035398230089 0.09405940594059406
0 0.5176991150442478 0.943069306930693 0.07964601769911504 0.08415841584158416
0 0.09734513274336283 0.3564356435643564 0.07964601769911504 0.07920792079207921
2 0.11283185840707964 0.7722772277227723 0.084070796460177 0.07920792079207921
2 0.8938053097345132 0.9504950495049505 0.07079646017699115 0.0891089108910891
3 0.6570796460176991 0.7103960396039604 0.084070796460177 0.09405940594059406
3 0.6216814159292036 0.7128712871287128 0.06637168141592921 0.0891089108910891
3 0.6836283185840708 0.8638613861386139 0.0752212389380531 0.08415841584158416
3 0.5398230088495575 0.8762376237623762 0.08849557522123894 0.0891089108910891
3 0.7522123893805309 0.8267326732673267 0.061946902654867256 0.0891089108910891
4 0.9491150442477876 0.8712871287128713 0.10176991150442478 0.0891089108910891
