0 0.8230088495575221 0.4504950495049505 0.09734513274336283 0.09900990099009901
0 0.5331858407079646 0.3341584158415842 0.084070796460177 0.11386138613861387
0 0.27654867256637167 0.4801980198019802 0.09292035398230089 0.07920792079207921
1 0.8783185840707964 0.14356435643564355 0.084070796460177 0.0891089108910891
1 0.21460176991150443 0.6287128712871287 0.084070796460177 0.09900990099009901
1 0.581858407079646 0.15099009900990099 0.084070796460177 0.08415841584158416
1 0.5464601769911505 0.6633663366336634 0.084070796460177 0.07920792079207921
1 0.5309734513274337 0.24752475247524752 0.09734513274336283 0.06930693069306931
2 0.6526548672566371 0.6881188118811881 0.05752212389380531 0.10891089108910891
2 0.22787610619469026 0.2599009900990099 0.06637168141592921 0.10396039603960396
4 0.7234513274336283 0.44801980198019803 0.06637168141592921 0.07425742574257425
