0 0.7035398230088495 0.26485148514851486 0.10619469026548672 0.10396039603960396
0 0.3915929203539823 0.13613861386138615 0.06637168141592921 0.07425742574257425
1 0.6061946902654868 0.3292079207920792 0.09734513274336283 0.10396039603960396
1 0.5619469026548672 0.21782178217821782 0.08849557522123894 0.09900990099009901
2 0.6526548672566371 0.04702970297029703 0.09292035398230089 0.07425742574257425
2 0.7345132743362832 0.27722772277227725 0.07079646017699115 0.07920792079207921
2 0.2831858407079646 0.44801980198019803 0.05309734513274336 0.08415841584158416
3 0.41814159292035397 0.35148514851485146 0.0752212389380531 0.07920792079207921
3 0.3672566371681416 0.35148514851485146 0.07079646017699115 0.0891089108910891
3 0.7898230088495575 0.7227722772277227 0.048672566371681415 0.06930693069306931
4 0.19469026548672566 0.7376237623762376 0.07964601769911504 0.07920792079207921
