0 0.6548672566371682 0.054455445544554455 0.09734513274336283 0.09900990099009901
0 0.8761061946902655 0.15099009900990099 0.07079646017699115 0.08415841584158416
0 0.6969026548672567 0.349009900990099 0.0752212389380531 0.09405940594059406
1 0.06637168141592921 0.6386138613861386 0.07964601769911504 0.10891089108910891
1 0.24778761061946902 0.6683168316831684 0.09734513274336283 0.0891089108910891
1 0.4358407079646018 0.21782178217821782 0.09292035398230089 0.07920792079207921
1 0.45132743362831856 0.5544554455445545 0.07079646017699115 0.0891089108910891
2 0.504424778761062 0.6212871287128713 0.08849557522123894 0.09405940594059406
2 0.07743362831858407 0.06683168316831684 0.084070796460177 0.08415841584158416
3 0.9203539823008849 0.8564356435643564 0.05309734513274336 0.0891089108910891
4 0.4469026548672566 0.8391089108910891 0.07964601769911504 0.09405940594059406
