0 0.584070796460177 0.8564356435643564 0.08849557522123894 0.09900990099009901
0 0.8473451327433629 0.5099009900990099 0.09292035398230089 0.06930693069306931
0 0.3008849557522124 0.12376237623762376 0.10619469026548672 0.09900990099009901
0 0.36283185840707965 0.5396039603960396 0.07964601769911504 0.0891089108910891
0 0.2942477876106195 0.599009900990099 0.09292035398230089 0.10891089108910891
1 0.577433628318584 0.8292079207920792 0.084070796460177 0.10396039603960396
3 0.75 0.7945544554455446 0.0752212389380531 0.08415841584158416
3 0.4911504424778761 0.2301980198019802 0.07964601769911504 0.06435643564356436
3 0.831858407079646 0.1782178217821782 0.07964601769911504 0.10891089108910891
3 0.1504424778761062 0.7351485148514851 0.07964601769911504 0.07425742574257425
4 0.1747787610619469 0.693069306930693 0.0752212389380531 0.09900990099009901
