0 0.47345132743362833 0.4752475247524752 0.08849557522123894 0.12871287128712872
1 0.8230088495575221 0.8143564356435643 0.07079646017699115 0.06435643564356436
1 0.1172566371681416 0.04702970297029703 0.084070796460177 0.09405940594059406
1 0.745575221238938 0.44801980198019803 0.084070796460177 0.11386138613861387
1 0.9402654867256637 0.07425742574257425 0.084070796460177 0.06930693069306931
1 0.20575221238938052 0.22277227722772278 0.0752212389380531 0.07920792079207921
2 0.7964601769911505 0.10643564356435643 0.09734513274336283 0.07425742574257425
2 0.2168141592920354 0.20297029702970298 0.08849557522123894 0.07920792079207921
2 0.7323008849557522 0.8044554455445545 0.06637168141592921 0.07425742574257425
2 0.17920353982300885 0.43316831683168316 0.06637168141592921 0.08415841584158416
