0 0.922566371681416 0.943069306930693 0.09292035398230089 0.09405940594059406
0 0.2323008849557522 0.0891089108910891 0.0752212389380531 0.07920792079207921
0 0.6902654867256637 0.08168316831683169 0.08849557522123894 0.07425742574257425
0 0.15486725663716813 0.3415841584158416 0.07964601769911504 0.06930693069306931
0 0.7964601769911505 0.3886138613861386 0.07964601769911504 0.07425742574257425
1 0.4668141592920354 0.25495049504950495 0.10176991150442478 0.10396039603960396
1 0.21460176991150443 0.7178217821782178 0.084070796460177 0.09900990099009901
3 0.75 0.801980198019802 0.084070796460177 0.10891089108910891
3 0.0420353982300885 0.3886138613861386 0.05752212389380531 0.06435643564356436
3 0.05530973451327434 0.04207920792079208 0.09292035398230089 0.07425742574257425
4 0.29646017699115046 0.7128712871287128 0.08849557522123894 0.0891089108910891
