1 0.5420353982300885 0.9183168316831684 0.0752212389380531 0.06435643564356436
1 0.8473451327433629 0.7277227722772277 0.0752212389380531 0.09900990099009901
2 0.9004424778761062 0.8168316831683168 0.05752212389380531 0.10891089108910891
2 0.6637168141592921 0.6707920792079208 0.05309734513274336 0.07425742574257425
2 0.08185840707964602 0.46782178217821785 0.0752212389380531 0.07425742574257425
2 0.7123893805309734 0.3910891089108911 0.09734513274336283 0.0891089108910891
2 0.8893805309734514 0.45792079207920794 0.07964601769911504 0.06435643564356436
3 0.21902654867256638 0.6435643564356436 0.0752212389380531 0.0891089108910891
3 0.3163716814159292 0.19554455445544555 0.048672566371681415 0.10396039603960396
3 0.5464601769911505 0.4752475247524752 0.048672566371681415 0.0594059405940594
4 0.3938053097345133 0.2301980198019802 0.061946902654867256 0.07425742574257425
