0 0.838495575221239 0.48267326732673266 0.11061946902654868 0.11386138613861387
0 0.4469026548672566 0.48267326732673266 0.07079646017699115 0.09405940594059406
0 0.745575221238938 0.33910891089108913 0.084070796460177 0.09405940594059406
0 0.5796460176991151 0.6955445544554455 0.07964601769911504 0.09405940594059406
0 0.28982300884955753 0.8910891089108911 0.06637168141592921 0.10891089108910891
1 0.2610619469026549 0.14603960396039603 0.07964601769911504 0.11386138613861387
3 0.17035398230088494 0.04950495049504951 0.084070796460177 0.07920792079207921
3 0.8539823008849557 0.45792079207920794 0.08849557522123894 0.08415841584158416
3 0.4004424778761062 0.7772277227722773 0.0752212389380531 0.0891089108910891
3 0.39601769911504425 0.8366336633663366 0.084070796460177 0.07920792079207921
