2 0.3008849557522124 0.5173267326732673 0.08849557522123894 0.11386138613861387
2 0.4646017699115044 0.1707920792079208 0.07079646017699115 0.07425742574257425
2 0.9137168141592921 0.6584158415841584 0.09292035398230089 0.0594059405940594
2 0.38495575221238937 0.8861386138613861 0.061946902654867256 0.0891089108910891
2 0.413716814159292 0.22277227722772278 0.03982300884955752 0.09900990099009901
3 0.6792035398230089 0.24257425742574257 0.084070796460177 0.07920792079207921
3 0.1261061946902655 0.9232673267326733 0.0752212389380531 0.08415841584158416
3 0.37610619469026546 0.3811881188118812 0.05309734513274336 0.04950495049504951
3 0.5575221238938053 0.8366336633663366 0.04424778761061947 0.04950495049504951
3 0.30973451327433627 0.6658415841584159 0.07964601769911504 0.07425742574257425
