0 0.5907079646017699 0.7227722772277227 0.0752212389380531 0.07920792079207921
0 0.8716814159292036 0.3787128712871287 0.09734513274336283 0.08415841584158416
0 0.32079646017699115 0.400990099009901 0.09292035398230089 0.10891089108910891
0 0.05752212389380531 0.47029702970297027 0.08849557522123894 0.09900990099009901
0 0.2853982300884956 0.655940594059406 0.10176991150442478 0.10396039603960396
1 0.08628318584070796 0.14108910891089108 0.05752212389380531 0.09405940594059406
1 0.6902654867256637 0.4752475247524752 0.061946902654867256 0.0891089108910891
1 0.08849557522123894 0.14108910891089108 0.07964601769911504 0.10396039603960396
1 0.24778761061946902 0.7252475247524752 0.11504424778761062 0.10396039603960396
3 0.49557522123893805 0.24257425742574257 0.07964601769911504 0.09900990099009901
4 0.21017699115044247 0.2376237623762376 0.09292035398230089 0.09900990099009901
