1 0.10176991150442478 0.3316831683168317 0.08849557522123894 0.09900990099009901
1 0.5730088495575221 0.18564356435643564 0.0752212389380531 0.11386138613861387
1 0.6792035398230089 0.2376237623762376 0.084070796460177 0.09900990099009901
1 0.3141592920353982 0.4900990099009901 0.07964601769911504 0.09900990099009901
2 0.5110619469026548 0.6732673267326733 0.0752212389380531 0.06930693069306931
2 0.8163716814159292 0.17326732673267325 0.084070796460177 0.0594059405940594
2 0.5353982300884956 0.4381188118811881 0.07079646017699115 0.09405940594059406
2 0.21902654867256638 0.9232673267326733 0.0752212389380531 0.10396039603960396
2 0.6261061946902655 0.900990099009901 0.0752212389380531 0.0891089108910891
3 0.6880530973451328 0.7574257425742574 0.0752212389380531 0.07920792079207921
4 0.9535398230088495 0.21287128712871287 0.06637168141592921 0.07920792079207921
