0 0.8561946902654868 0.5767326732673267 0.084070796460177 0.08415841584158416
2 0.2831858407079646 0.03712871287128713 0.07964601769911504 0.06435643564356436
2 0.4336283185840708 0.07920792079207921 0.07964601769911504 0.07920792079207921
2 0.3030973451327434 0.44801980198019803 0.0752212389380531 0.07425742574257425
2 0.11504424778761062 0.8143564356435643 0.07964601769911504 0.09405940594059406
3 0.31194690265486724 0.13613861386138615 0.0752212389380531 0.09405940594059406
3 0.21460176991150443 0.2004950495049505 0.09292035398230089 0.07425742574257425
3 0.07079646017699115 0.6039603960396039 0.07079646017699115 0.07920792079207921
3 0.17920353982300885 0.30198019801980197 0.06637168141592921 0.09900990099009901
3 0.252212389380531 0.26732673267326734 0.07964601769911504 0.0594059405940594
