0 0.084070796460177 0.06930693069306931 0.07964601769911504 0.09900990099009901
0 0.6880530973451328 0.17574257425742573 0.0752212389380531 0.09405940594059406
0 0.2942477876106195 0.22524752475247525 0.09292035398230089 0.08415841584158416
1 0.8960176991150443 0.30198019801980197 0.084070796460177 0.0891089108910891
1 0.8783185840707964 0.5222772277227723 0.084070796460177 0.08415841584158416
1 0.7920353982300885 0.3886138613861386 0.08849557522123894 0.09405940594059406
2 0.4491150442477876 0.6757425742574258 0.09292035398230089 0.06435643564356436
2 0.6194690265486725 0.41336633663366334 0.07964601769911504 0.10396039603960396
3 0.754424778761062 0.6311881188118812 0.06637168141592921 0.07425742574257425
3 0.581858407079646 0.7301980198019802 0.05752212389380531 0.09405940594059406
