1 0.2411504424778761 0.6262376237623762 0.09292035398230089 0.09405940594059406
1 0.3075221238938053 0.07920792079207921 0.09292035398230089 0.09900990099009901
1 0.7566371681415929 0.09405940594059406 0.07964601769911504 0.10891089108910891
1 0.7676991150442478 0.1188118811881188 0.09292035398230089 0.06930693069306931
2 0.22566371681415928 0.2004950495049505 0.07964601769911504 0.07425742574257425
2 0.2721238938053097 0.5742574257425742 0.06637168141592921 0.0891089108910891
2 0.6415929203539823 0.17326732673267325 0.08849557522123894 0.06930693069306931
2 0.45132743362831856 0.4282178217821782 0.07079646017699115 0.09405940594059406
2 0.6769911504424779 0.844059405940594 0.061946902654867256 0.07425742574257425
3 0.46238938053097345 0.9306930693069307 0.0752212389380531 0.07920792079207921
