0 0.05752212389380531 0.6683168316831684 0.07964601769911504 0.0891089108910891
0 0.8008849557522124 0.9034653465346535 0.10619469026548672 0.11386138613861387
0 0.745575221238938 0.6014851485148515 0.09292035398230089 0.10396039603960396
0 0.9203539823008849 0.5272277227722773 0.07079646017699115 0.10396039603960396
1 0.9048672566371682 0.7896039603960396 0.084070796460177 0.10396039603960396
1 0.5398230088495575 0.14603960396039603 0.07964601769911504 0.11386138613861387
1 0.5796460176991151 0.900990099009901 0.08849557522123894 0.09900990099009901
2 0.39601769911504425 0.5074257425742574 0.06637168141592921 0.08415841584158416
3 0.39601769911504425 0.8415841584158416 0.06637168141592921 0.04950495049504951
3 0.6194690265486725 0.9678217821782178 0.07079646017699115 0.06435643564356436
4 0.28761061946902655 0.5470297029702971 0.07964601769911504 0.08415841584158416
