0 0.3252212389380531 0.349009900990099 0.06637168141592921 0.10396039603960396
0 0.665929203539823 0.47029702970297027 0.084070796460177 0.10891089108910891
0 0.25 0.23267326732673269 0.09292035398230089 0.0891089108910891
0 0.8362831858407079 0.9183168316831684 0.07079646017699115 0.12376237623762376
0 0.11504424778761062 0.6955445544554455 0.09734513274336283 0.09405940594059406
1 0.3141592920353982 0.9034653465346535 0.08849557522123894 0.08415841584158416
1 0.8141592920353983 0.4752475247524752 0.08849557522123894 0.09900990099009901
1 0.6637168141592921 0.1782178217821782 0.07079646017699115 0.07920792079207921
1 0.8650442477876106 0.5396039603960396 0.06637168141592921 0.06930693069306931
3 0.21902654867256638 0.8391089108910891 0.048672566371681415 0.04455445544554455
