1 0.25663716814159293 0.20297029702970298 0.08849557522123894 0.09900990099009901
1 0.3185840707964602 0.32673267326732675 0.061946902654867256 0.0891089108910891
2 0.8584070796460177 0.27722772277227725 0.08849557522123894 0.07920792079207921
2 0.34292035398230086 0.11138613861386139 0.084070796460177 0.06435643564356436
2 0.08628318584070796 0.7673267326732673 0.0752212389380531 0.07920792079207921
2 0.9358407079646017 0.034653465346534656 0.048672566371681415 0.06930693069306931
2 0.6460176991150443 0.9381188118811881 0.07079646017699115 0.09405940594059406
3 0.41150442477876104 0.11633663366336634 0.061946902654867256 0.09405940594059406
3 0.6349557522123894 0.14108910891089108 0.05752212389380531 0.07425742574257425
3 0.8938053097345132 0.31683168316831684 0.09734513274336283 0.09900990099009901
4 0.3694690265486726 0.9381188118811881 0.0752212389380531 0.09405940594059406
