2 0.7566371681415929 0.9579207920792079 0.07079646017699115 0.06435643564356436
2 0.6991150442477876 0.24504950495049505 0.07079646017699115 0.09405940594059406
2 0.8517699115044248 0.3688118811881188 0.06637168141592921 0.08415841584158416
2 0.3473451327433628 0.1608910891089109 0.084070796460177 0.06435643564356436
2 0.8230088495575221 0.8539603960396039 0.08849557522123894 0.07425742574257425
3 0.11504424778761062 0.8168316831683168 0.07079646017699115 0.07920792079207921
3 0.08628318584070796 0.16336633663366337 0.06637168141592921 0.0594059405940594
3 0.35176991150442477 0.16831683168316833 0.084070796460177 0.0891089108910891
3 0.5243362831858407 0.13613861386138615 0.0752212389380531 0.08415841584158416
3 0.21460176991150443 0.8168316831683168 0.06637168141592921 0.0891089108910891
