0 0.6747787610619469 0.655940594059406 0.10176991150442478 0.08415841584158416
0 0.8827433628318584 0.6336633663366337 0.0752212389380531 0.09900990099009901
0 0.048672566371681415 0.48514851485148514 0.08849557522123894 0.10891089108910891
0 0.5110619469026548 0.7054455445544554 0.09292035398230089 0.10396039603960396
0 0.8495575221238938 0.5272277227722773 0.09734513274336283 0.09405940594059406
3 0.25442477876106195 0.34405940594059403 0.09292035398230089 0.09405940594059406
3 0.9402654867256637 0.08415841584158416 0.084070796460177 0.0891089108910891
3 0.08849557522123894 0.5841584158415841 0.07079646017699115 0.07920792079207921
3 0.17035398230088494 0.4282178217821782 0.05752212389380531 0.07425742574257425
3 0.6194690265486725 0.5866336633663366 0.07964601769911504 0.10396039603960396
