0 0.45353982300884954 0.32673267326732675 0.0752212389380531 0.07920792079207921
0 0.6703539823008849 0.7821782178217822 0.084070796460177 0.06930693069306931
0 0.7743362831858407 0.49257425742574257 0.07964601769911504 0.09405940594059406
1 0.4557522123893805 0.8094059405940595 0.061946902654867256 0.10396039603960396
1 0.5619469026548672 0.35148514851485146 0.07964601769911504 0.0891089108910891
1 0.48672566371681414 0.8638613861386139 0.07079646017699115 0.10396039603960396
2 0.5 0.6311881188118812 0.08849557522123894 0.06435643564356436
2 0.7345132743362832 0.4207920792079208 0.05309734513274336 0.0594059405940594
3 0.6814159292035398 0.09405940594059406 0.07079646017699115 0.0891089108910891
3 0.4491150442477876 0.3292079207920792 0.05752212389380531 0.09405940594059406
4 0.05309734513274336 0.7524752475247525 0.07964601769911504 0.09900990099009901
