0 0.5862831858407079 0.36633663366336633 0.084070796460177 0.10891089108910891
0 0.7101769911504425 0.3688118811881188 0.084070796460177 0.10396039603960396
1 0.45353982300884954 0.3886138613861386 0.10176991150442478 0.09405940594059406
1 0.8517699115044248 0.6831683168316832 0.0752212389380531 0.09900990099009901
2 0.23008849557522124 0.5148514851485149 0.061946902654867256 0.0891089108910891
2 0.22787610619469026 0.11386138613861387 0.06637168141592921 0.07920792079207921
2 0.6482300884955752 0.20544554455445543 0.084070796460177 0.08415841584158416
3 0.6637168141592921 0.3465346534653465 0.08849557522123894 0.0891089108910891
3 0.8008849557522124 0.943069306930693 0.061946902654867256 0.07425742574257425
3 0.7743362831858407 0.18811881188118812 0.05309734513274336 0.0891089108910891
4 0.8008849557522124 0.8292079207920792 0.061946902654867256 0.10396039603960396
