0 0.3495575221238938 0.3811881188118812 0.07079646017699115 0.10891089108910891
0 0.6814159292035398 0.594059405940594 0.08849557522123894 0.09900990099009901
0 0.8296460176991151 0.3094059405940594 0.09292035398230089 0.09405940594059406
0 0.6238938053097345 0.905940594059406 0.07964601769911504 0.10891089108910891
0 0.20353982300884957 0.8217821782178217 0.07964601769911504 0.06930693069306931
1 0.7389380530973452 0.6262376237623762 0.08849557522123894 0.08415841584158416
3 0.45353982300884954 0.41336633663366334 0.05752212389380531 0.09405940594059406
3 0.12389380530973451 0.18564356435643564 0.08849557522123894 0.08415841584158416
3 0.7743362831858407 0.3910891089108911 0.07964601769911504 0.1188118811881188
3 0.30973451327433627 0.49257425742574257 0.061946902654867256 0.054455445544554455
