0 0.7920353982300885 0.6782178217821783 0.08849557522123894 0.09900990099009901
1 0.8495575221238938 0.7970297029702971 0.09734513274336283 0.09900990099009901
1 0.7920353982300885 0.09900990099009901 0.07079646017699115 0.10891089108910891
1 0.19911504424778761 0.599009900990099 0.09734513274336283 0.09900990099009901
2 0.6902654867256637 0.05693069306930693 0.08849557522123894 0.10396039603960396
2 0.9513274336283186 0.8168316831683168 0.07964601769911504 0.09900990099009901
2 0.8539823008849557 0.5643564356435643 0.05309734513274336 0.07920792079207921
2 0.7942477876106194 0.5099009900990099 0.06637168141592921 0.06930693069306931
3 0.21017699115044247 0.2103960396039604 0.0752212389380531 0.07425742574257425
3 0.6371681415929203 0.3465346534653465 0.07964601769911504 0.06930693069306931
4 0.29867256637168144 0.4430693069306931 0.09292035398230089 0.09405940594059406
