0 0.18805309734513273 0.7326732673267327 0.10176991150442478 0.09900990099009901
0 0.14823008849557523 0.8267326732673267 0.06637168141592921 0.0891089108910891
2 0.6371681415929203 0.3935643564356436 0.061946902654867256 0.06435643564356436
2 0.9446902654867256 0.20544554455445543 0.06637168141592921 0.07425742574257425
2 0.6482300884955752 0.2004950495049505 0.06637168141592921 0.09405940594059406
3 0.7123893805309734 0.452970297029703 0.07079646017699115 0.06435643564356436
3 0.36283185840707965 0.6856435643564357 0.07964601769911504 0.08415841584158416
3 0.9247787610619469 0.29455445544554454 0.061946902654867256 0.06435643564356436
3 0.7389380530973452 0.29455445544554454 0.07964601769911504 0.08415841584158416
3 0.13938053097345132 0.801980198019802 0.06637168141592921 0.06930693069306931
