0 0.37168141592920356 0.905940594059406 0.07964601769911504 0.0891089108910891
0 0.20353982300884957 0.806930693069307 0.07079646017699115 0.09900990099009901
0 0.3805309734513274 0.26732673267326734 0.07079646017699115 0.07920792079207921
1 0.2610619469026549 0.5148514851485149 0.09734513274336283 0.10891089108910891
2 0.497787610619469 0.19554455445544555 0.0752212389380531 0.07425742574257425
2 0.8827433628318584 0.5668316831683168 0.06637168141592921 0.06435643564356436
3 0.7278761061946902 0.06188118811881188 0.06637168141592921 0.08415841584158416
3 0.827433628318584 0.754950495049505 0.09734513274336283 0.10396039603960396
3 0.8473451327433629 0.15594059405940594 0.06637168141592921 0.08415841584158416
3 0.32964601769911506 0.8960396039603961 0.0752212389380531 0.0594059405940594
4 0.6991150442477876 0.24504950495049505 0.07079646017699115 0.06435643564356436
