0 0.7809734513274337 0.7425742574257426 0.0752212389380531 0.0891089108910891
0 0.3694690265486726 0.9504950495049505 0.09292035398230089 0.07920792079207921
1 0.8407079646017699 0.0891089108910891 0.07079646017699115 0.0891089108910891
1 0.21460176991150443 0.4034653465346535 0.06637168141592921 0.08415841584158416
1 0.3230088495575221 0.7178217821782178 0.07964601769911504 0.06930693069306931
1 0.911504424778761 0.6905940594059405 0.09734513274336283 0.09405940594059406
1 0.5973451327433629 0.4801980198019802 0.09734513274336283 0.09900990099009901
2 0.20353982300884957 0.40594059405940597 0.09734513274336283 0.06930693069306931
2 0.838495575221239 0.5346534653465347 0.05752212389380531 0.10891089108910891
2 0.7256637168141593 0.8044554455445545 0.07079646017699115 0.054455445544554455
4 0.046460176991150445 0.46534653465346537 0.084070796460177 0.07920792079207921
