0 0.334070796460177 0.7103960396039604 0.084070796460177 0.09405940594059406
0 0.7588495575221239 0.38613861386138615 0.084070796460177 0.06930693069306931
0 0.26991150442477874 0.698019801980198 0.07964601769911504 0.12871287128712872
1 0.831858407079646 0.7574257425742574 0.09734513274336283 0.07920792079207921
1 0.39601769911504425 0.6584158415841584 0.0752212389380531 0.0891089108910891
1 0.0752212389380531 0.8242574257425742 0.07079646017699115 0.07425742574257425
2 0.4092920353982301 0.7475247524752475 0.06637168141592921 0.0594059405940594
2 0.24557522123893805 0.7252475247524752 0.06637168141592921 0.08415841584158416
3 0.4446902654867257 0.22524752475247525 0.05752212389380531 0.06435643564356436
3 0.7146017699115044 0.7945544554455446 0.09292035398230089 0.08415841584158416
