0 0.33849557522123896 0.5173267326732673 0.084070796460177 0.09405940594059406
0 0.21017699115044247 0.7400990099009901 0.084070796460177 0.10396039603960396
0 0.11946902654867257 0.6658415841584159 0.07964601769911504 0.10396039603960396
0 0.3075221238938053 0.39851485148514854 0.0752212389380531 0.09405940594059406
1 0.8738938053097345 0.2079207920792079 0.11061946902654868 0.09900990099009901
2 0.4358407079646018 0.943069306930693 0.06637168141592921 0.08415841584158416
3 0.9314159292035398 0.9306930693069307 0.05752212389380531 0.06930693069306931
3 0.8517699115044248 0.8539603960396039 0.06637168141592921 0.07425742574257425
3 0.5376106194690266 0.43316831683168316 0.05752212389380531 0.06435643564356436
3 0.5287610619469026 0.48514851485148514 0.09292035398230089 0.09900990099009901
