0 0.6769911504424779 0.594059405940594 0.08849557522123894 0.09900990099009901
0 0.1261061946902655 0.9306930693069307 0.09292035398230089 0.09900990099009901
0 0.3915929203539823 0.3910891089108911 0.11061946902654868 0.1188118811881188
1 0.19469026548672566 0.4034653465346535 0.07964601769911504 0.09405940594059406
1 0.5287610619469026 0.9603960396039604 0.084070796460177 0.06930693069306931
2 0.4004424778761062 0.7821782178217822 0.0752212389380531 0.0891089108910891
2 0.1172566371681416 0.7623762376237624 0.03982300884955752 0.0891089108910891
3 0.7588495575221239 0.8712871287128713 0.084070796460177 0.0891089108910891
3 0.3163716814159292 0.5445544554455446 0.03982300884955752 0.06930693069306931
3 0.09734513274336283 0.801980198019802 0.07079646017699115 0.06930693069306931
4 0.5663716814159292 0.4777227722772277 0.08849557522123894 0.06435643564356436
