0 0.5464601769911505 0.7054455445544554 0.09292035398230089 0.10396039603960396
0 0.33849557522123896 0.04950495049504951 0.11061946902654868 0.09900990099009901
0 0.1570796460176991 0.26485148514851486 0.06637168141592921 0.07425742574257425
1 0.7566371681415929 0.8861386138613861 0.07079646017699115 0.09900990099009901
1 0.6969026548672567 0.7648514851485149 0.06637168141592921 0.08415841584158416
1 0.4225663716814159 0.5420792079207921 0.06637168141592921 0.07425742574257425
1 0.754424778761062 0.7153465346534653 0.10176991150442478 0.09405940594059406
2 0.6924778761061947 0.18811881188118812 0.09292035398230089 0.06930693069306931
2 0.915929203539823 0.8292079207920792 0.08849557522123894 0.08415841584158416
3 0.13495575221238937 0.4158415841584158 0.0752212389380531 0.09900990099009901
4 0.8163716814159292 0.24257425742574257 0.05752212389380531 0.06930693069306931
