0 0.7389380530973452 0.3094059405940594 0.09734513274336283 0.07425742574257425
0 0.5553097345132744 0.6113861386138614 0.084070796460177 0.10396039603960396
0 0.9026548672566371 0.8861386138613861 0.07964601769911504 0.09900990099009901
1 0.4358407079646018 0.7599009900990099 0.084070796460177 0.06435643564356436
1 0.10619469026548672 0.8787128712871287 0.08849557522123894 0.11386138613861387
1 0.8141592920353983 0.349009900990099 0.09734513274336283 0.11386138613861387
1 0.7433628318584071 0.05198019801980198 0.08849557522123894 0.10396039603960396
1 0.09070796460176991 0.3935643564356436 0.06637168141592921 0.07425742574257425
2 0.9358407079646017 0.3118811881188119 0.09292035398230089 0.06930693069306931
2 0.9734513274336283 0.06683168316831684 0.05309734513274336 0.07425742574257425
4 0.49557522123893805 0.7722772277227723 0.07079646017699115 0.0594059405940594
