0 0.23008849557522124 0.6014851485148515 0.09734513274336283 0.09405940594059406
0 0.7787610619469026 0.6955445544554455 0.061946902654867256 0.09405940594059406
0 0.12168141592920353 0.09405940594059406 0.0752212389380531 0.1188118811881188
0 0.0752212389380531 0.6534653465346535 0.08849557522123894 0.1188118811881188
0 0.9557522123893806 0.4504950495049505 0.061946902654867256 0.09900990099009901
1 0.9269911504424779 0.7623762376237624 0.0752212389380531 0.10891089108910891
1 0.6703539823008849 0.14356435643564355 0.10176991150442478 0.0891089108910891
1 0.1902654867256637 0.7351485148514851 0.08849557522123894 0.09405940594059406
1 0.3163716814159292 0.6039603960396039 0.10176991150442478 0.10891089108910891
1 0.09070796460176991 0.5495049504950495 0.084070796460177 0.06930693069306931
