0 0.9048672566371682 0.4900990099009901 0.084070796460177 0.0891089108910891
0 0.5066371681415929 0.5470297029702971 0.10176991150442478 0.11386138613861387
0 0.8141592920353983 0.5445544554455446 0.10619469026548672 0.0891089108910891
0 0.22123893805309736 0.6014851485148515 0.07964601769911504 0.09405940594059406
0 0.3805309734513274 0.2004950495049505 0.07964601769911504 0.11386138613861387
1 0.5951327433628318 0.3910891089108911 0.084070796460177 0.06930693069306931
1 0.46238938053097345 0.7747524752475248 0.0752212389380531 0.09405940594059406
1 0.838495575221239 0.7772277227722773 0.06637168141592921 0.0891089108910891
3 0.10619469026548672 0.8613861386138614 0.05309734513274336 0.0891089108910891
3 0.3915929203539823 0.5445544554455446 0.06637168141592921 0.07920792079207921
4 0.9137168141592921 0.9554455445544554 0.0752212389380531 0.0891089108910891
