0 0.05752212389380531 0.8638613861386139 0.09734513274336283 0.08415841584158416
0 0.14601769911504425 0.06930693069306931 0.09734513274336283 0.0891089108910891
0 0.23008849557522124 0.7326732673267327 0.061946902654867256 0.0891089108910891
1 0.34513274336283184 0.4158415841584158 0.07079646017699115 0.07920792079207921
1 0.6216814159292036 0.4752475247524752 0.11061946902654868 0.0891089108910891
1 0.2743362831858407 0.8663366336633663 0.09734513274336283 0.0891089108910891
2 0.9336283185840708 0.16336633663366337 0.07964601769911504 0.09900990099009901
2 0.665929203539823 0.8836633663366337 0.0752212389380531 0.09405940594059406
3 0.25663716814159293 0.8985148514851485 0.08849557522123894 0.09405940594059406
3 0.19247787610619468 0.12376237623762376 0.05752212389380531 0.0594059405940594
4 0.75 0.8985148514851485 0.0752212389380531 0.10396039603960396
