0 0.17035398230088494 0.8613861386138614 0.11061946902654868 0.10891089108910891
1 0.668141592920354 0.504950495049505 0.08849557522123894 0.09900990099009901
1 0.8539823008849557 0.8168316831683168 0.07964601769911504 0.07920792079207921
1 0.8584070796460177 0.4603960396039604 0.07964601769911504 0.0891089108910891
1 0.8628318584070797 0.655940594059406 0.07079646017699115 0.08415841584158416
1 0.4269911504424779 0.4306930693069307 0.0752212389380531 0.09900990099009901
2 0.497787610619469 0.6237623762376238 0.084070796460177 0.07920792079207921
2 0.838495575221239 0.6485148514851485 0.05752212389380531 0.07920792079207921
2 0.9314159292035398 0.9405940594059405 0.0752212389380531 0.09900990099009901
2 0.8230088495575221 0.7029702970297029 0.08849557522123894 0.09900990099009901
