0 0.8207964601769911 0.943069306930693 0.0752212389380531 0.09405940594059406
0 0.34513274336283184 0.6460396039603961 0.09734513274336283 0.09405940594059406
2 0.03761061946902655 0.28465346534653463 0.06637168141592921 0.07425742574257425
2 0.4690265486725664 0.9455445544554455 0.07964601769911504 0.06930693069306931
2 0.27654867256637167 0.6138613861386139 0.084070796460177 0.06930693069306931
3 0.35398230088495575 0.24257425742574257 0.07964601769911504 0.09900990099009901
3 0.336283185840708 0.7400990099009901 0.07079646017699115 0.08415841584158416
3 0.7942477876106194 0.0891089108910891 0.06637168141592921 0.07920792079207921
3 0.07300884955752213 0.5767326732673267 0.09292035398230089 0.10396039603960396
3 0.5265486725663717 0.37623762376237624 0.08849557522123894 0.0594059405940594
