0 0.32964601769911506 0.6460396039603961 0.09292035398230089 0.10396039603960396
0 0.7632743362831859 0.2599009900990099 0.084070796460177 0.10396039603960396
1 0.5995575221238938 0.7301980198019802 0.10176991150442478 0.10396039603960396
2 0.1836283185840708 0.3688118811881188 0.10176991150442478 0.06435643564356436
2 0.25442477876106195 0.6831683168316832 0.084070796460177 0.06930693069306931
2 0.28761061946902655 0.6658415841584159 0.08849557522123894 0.08415841584158416
3 0.2610619469026549 0.22524752475247525 0.07964601769911504 0.054455445544554455
3 0.9004424778761062 0.6188118811881188 0.0752212389380531 0.07920792079207921
3 0.47123893805309736 0.5247524752475248 0.05752212389380531 0.09900990099009901
3 0.20575221238938052 0.9034653465346535 0.05752212389380531 0.08415841584158416
4 0.2809734513274336 0.8960396039603961 0.084070796460177 0.07920792079207921
