0 0.3584070796460177 0.31683168316831684 0.08849557522123894 0.0891089108910891
0 0.9247787610619469 0.32673267326732675 0.08849557522123894 0.0891089108910891
0 0.3805309734513274 0.8267326732673267 0.07964601769911504 0.0891089108910891
0 0.2323008849557522 0.4306930693069307 0.11061946902654868 0.09900990099009901
0 0.3473451327433628 0.7648514851485149 0.09292035398230089 0.12376237623762376
3 0.1084070796460177 0.44801980198019803 0.084070796460177 0.09405940594059406
3 0.28982300884955753 0.5173267326732673 0.084070796460177 0.08415841584158416
3 0.46238938053097345 0.47277227722772275 0.0752212389380531 0.054455445544554455
3 0.34513274336283184 0.18564356435643564 0.08849557522123894 0.09405940594059406
3 0.5575221238938053 0.6064356435643564 0.05309734513274336 0.07425742574257425
4 0.6969026548672567 0.6064356435643564 0.06637168141592921 0.06435643564356436
