0 0.834070796460177 0.14603960396039603 0.09292035398230089 0.09405940594059406
2 0.5685840707964602 0.7797029702970297 0.06637168141592921 0.06435643564356436
2 0.7389380530973452 0.24752475247524752 0.08849557522123894 0.06930693069306931
2 0.12389380530973451 0.39603960396039606 0.061946902654867256 0.0594059405940594
2 0.44026548672566373 0.8514851485148515 0.0752212389380531 0.0891089108910891
3 0.6592920353982301 0.6658415841584159 0.07079646017699115 0.07425742574257425
3 0.9446902654867256 0.9554455445544554 0.0752212389380531 0.07920792079207921
3 0.7256637168141593 0.754950495049505 0.05309734513274336 0.06435643564356436
3 0.7743362831858407 0.28217821782178215 0.08849557522123894 0.0891089108910891
3 0.9446902654867256 0.6881188118811881 0.0752212389380531 0.0891089108910891
