0 0.2079646017699115 0.5272277227722773 0.08849557522123894 0.09405940594059406
0 0.36504424778761063 0.25495049504950495 0.05752212389380531 0.09405940594059406
1 0.14601769911504425 0.7475247524752475 0.10619469026548672 0.0891089108910891
1 0.7389380530973452 0.6361386138613861 0.07964601769911504 0.06435643564356436
1 0.5663716814159292 0.5396039603960396 0.07964601769911504 0.09900990099009901
2 0.4092920353982301 0.1806930693069307 0.05752212389380531 0.09405940594059406
2 0.6880530973451328 0.20297029702970298 0.0752212389380531 0.07920792079207921
2 0.48672566371681414 0.26485148514851486 0.07964601769911504 0.09405940594059406
3 0.838495575221239 0.6658415841584159 0.06637168141592921 0.07425742574257425
3 0.8495575221238938 0.38366336633663367 0.07964601769911504 0.07425742574257425
