0 0.084070796460177 0.3564356435643564 0.07964601769911504 0.09900990099009901
0 0.6194690265486725 0.8193069306930693 0.09734513274336283 0.08415841584158416
0 0.504424778761062 0.37376237623762376 0.07964601769911504 0.12376237623762376
0 0.7367256637168141 0.43564356435643564 0.05752212389380531 0.07920792079207921
0 0.03761061946902655 0.17326732673267325 0.0752212389380531 0.0891089108910891
1 0.6703539823008849 0.09405940594059406 0.084070796460177 0.07920792079207921
1 0.7477876106194691 0.6336633663366337 0.07964601769911504 0.0891089108910891
1 0.1504424778761062 0.6831683168316832 0.07079646017699115 0.0891089108910891
3 0.8517699115044248 0.6262376237623762 0.0752212389380531 0.09405940594059406
3 0.48451327433628316 0.44554455445544555 0.048672566371681415 0.04950495049504951
