0 0.915929203539823 0.4405940594059406 0.08849557522123894 0.10891089108910891
1 0.43805309734513276 0.5742574257425742 0.08849557522123894 0.0891089108910891
2 0.75 0.41336633663366334 0.0752212389380531 0.07425742574257425
2 0.5995575221238938 0.054455445544554455 0.06637168141592921 0.07920792079207921
2 0.5663716814159292 0.9257425742574258 0.07079646017699115 0.07920792079207921
2 0.6747787610619469 0.9504950495049505 0.05752212389380531 0.06930693069306931
3 0.5641592920353983 0.6633663366336634 0.084070796460177 0.07920792079207921
3 0.2831858407079646 0.4183168316831683 0.061946902654867256 0.09405940594059406
3 0.5420353982300885 0.6163366336633663 0.10176991150442478 0.10396039603960396
3 0.922566371681416 0.34405940594059403 0.05752212389380531 0.07425742574257425
