0 0.06637168141592921 0.5742574257425742 0.07964601769911504 0.10891089108910891
1 0.2323008849557522 0.7574257425742574 0.06637168141592921 0.10891089108910891
1 0.7168141592920354 0.8217821782178217 0.10619469026548672 0.09900990099009901
1 0.4446902654867257 0.24257425742574257 0.0752212389380531 0.0891089108910891
1 0.6814159292035398 0.9257425742574258 0.09734513274336283 0.10891089108910891
1 0.5376106194690266 0.8514851485148515 0.0752212389380531 0.06930693069306931
2 0.29867256637168144 0.42326732673267325 0.05752212389380531 0.07425742574257425
2 0.4579646017699115 0.3415841584158416 0.05752212389380531 0.09900990099009901
2 0.4579646017699115 0.9158415841584159 0.06637168141592921 0.0891089108910891
2 0.6039823008849557 0.08663366336633663 0.0752212389380531 0.09405940594059406
