0 0.3230088495575221 0.3094059405940594 0.09734513274336283 0.09405940594059406
0 0.7809734513274337 0.5742574257425742 0.084070796460177 0.0891089108910891
0 0.6017699115044248 0.5297029702970297 0.07964601769911504 0.1188118811881188
0 0.9513274336283186 0.7029702970297029 0.08849557522123894 0.12871287128712872
1 0.34513274336283184 0.7995049504950495 0.07964601769911504 0.06435643564356436
1 0.665929203539823 0.5173267326732673 0.084070796460177 0.07425742574257425
1 0.6438053097345132 0.5717821782178217 0.084070796460177 0.07425742574257425
2 0.06637168141592921 0.22772277227722773 0.07079646017699115 0.0594059405940594
3 0.8716814159292036 0.3465346534653465 0.07079646017699115 0.09900990099009901
3 0.4424778761061947 0.14108910891089108 0.05309734513274336 0.07425742574257425
