0 0.4358407079646018 0.46782178217821785 0.10176991150442478 0.11386138613861387
0 0.8495575221238938 0.10643564356435643 0.08849557522123894 0.09405940594059406
0 0.6261061946902655 0.25495049504950495 0.05752212389380531 0.06435643564356436
0 0.8362831858407079 0.46534653465346537 0.08849557522123894 0.09900990099009901
1 0.40486725663716816 0.7301980198019802 0.09292035398230089 0.09405940594059406
1 0.17035398230088494 0.15594059405940594 0.0752212389380531 0.08415841584158416
2 0.19469026548672566 0.7797029702970297 0.07079646017699115 0.11386138613861387
3 0.035398230088495575 0.3415841584158416 0.061946902654867256 0.07920792079207921
3 0.03982300884955752 0.11386138613861387 0.061946902654867256 0.07920792079207921
3 0.7831858407079646 0.551980198019802 0.05309734513274336 0.07425742574257425
