0 0.3938053097345133 0.655940594059406 0.07079646017699115 0.09405940594059406
0 0.665929203539823 0.2079207920792079 0.09292035398230089 0.07920792079207921
1 0.23672566371681417 0.8217821782178217 0.0752212389380531 0.09900990099009901
1 0.8163716814159292 0.47029702970297027 0.084070796460177 0.07920792079207921
2 0.49336283185840707 0.900990099009901 0.09292035398230089 0.0594059405940594
2 0.19690265486725664 0.7574257425742574 0.06637168141592921 0.04950495049504951
2 0.8827433628318584 0.349009900990099 0.06637168141592921 0.08415841584158416
3 0.8694690265486725 0.5297029702970297 0.09292035398230089 0.06930693069306931
3 0.2411504424778761 0.11138613861386139 0.06637168141592921 0.08415841584158416
3 0.19690265486725664 0.46534653465346537 0.0752212389380531 0.09900990099009901
4 0.8584070796460177 0.18564356435643564 0.07079646017699115 0.09405940594059406
