1 0.24557522123893805 0.400990099009901 0.06637168141592921 0.07920792079207921
1 0.4314159292035398 0.15099009900990099 0.05752212389380531 0.10396039603960396
1 0.7566371681415929 0.6831683168316832 0.061946902654867256 0.06930693069306931
1 0.45353982300884954 0.07178217821782178 0.0752212389380531 0.09405940594059406
1 0.3672566371681416 0.49504950495049505 0.061946902654867256 0.09900990099009901
2 0.415929203539823 0.2747524752475248 0.05309734513274336 0.10396039603960396
2 0.39601769911504425 0.24504950495049505 0.084070796460177 0.07425742574257425
2 0.49557522123893805 0.6608910891089109 0.07079646017699115 0.08415841584158416
2 0.6084070796460177 0.06930693069306931 0.084070796460177 0.10891089108910891
2 0.08849557522123894 0.7326732673267327 0.07079646017699115 0.07920792079207921
