1 0.21460176991150443 0.3069306930693069 0.084070796460177 0.09900990099009901
1 0.19247787610619468 0.4084158415841584 0.0752212389380531 0.08415841584158416
1 0.8628318584070797 0.9034653465346535 0.09734513274336283 0.11386138613861387
1 0.7323008849557522 0.6336633663366337 0.10176991150442478 0.0891089108910891
1 0.4269911504424779 0.5272277227722773 0.0752212389380531 0.10396039603960396
2 0.584070796460177 0.9306930693069307 0.07079646017699115 0.0891089108910891
2 0.9601769911504425 0.5247524752475248 0.07964601769911504 0.06930693069306931
2 0.25663716814159293 0.5321782178217822 0.07964601769911504 0.09405940594059406
2 0.23893805309734514 0.3886138613861386 0.07964601769911504 0.08415841584158416
2 0.8097345132743363 0.8688118811881188 0.07079646017699115 0.08415841584158416
4 0.6172566371681416 0.3193069306930693 0.10176991150442478 0.09405940594059406
