0 0.7345132743362832 0.41336633663366334 0.08849557522123894 0.10396039603960396
0 0.08628318584070796 0.16336633663366337 0.09292035398230089 0.0891089108910891
0 0.14380530973451328 0.6138613861386139 0.10176991150442478 0.1188118811881188
0 0.8008849557522124 0.8118811881188119 0.10619469026548672 0.09900990099009901
0 0.7676991150442478 0.46782178217821785 0.084070796460177 0.11386138613861387
1 0.32964601769911506 0.5816831683168316 0.06637168141592921 0.08415841584158416
3 0.4579646017699115 0.5173267326732673 0.0752212389380531 0.06435643564356436
3 0.49557522123893805 0.25495049504950495 0.07964601769911504 0.07425742574257425
3 0.5951327433628318 0.6683168316831684 0.09292035398230089 0.06930693069306931
3 0.6084070796460177 0.3886138613861386 0.10176991150442478 0.11386138613861387
4 0.3008849557522124 0.1485148514851485 0.07079646017699115 0.07920792079207921
