0 0.6017699115044248 0.37623762376237624 0.08849557522123894 0.07920792079207921
0 0.4823008849557522 0.650990099009901 0.10619469026548672 0.10396039603960396
0 0.19247787610619468 0.8737623762376238 0.11061946902654868 0.09405940594059406
1 0.672566371681416 0.05198019801980198 0.07964601769911504 0.09405940594059406
1 0.5486725663716814 0.7202970297029703 0.08849557522123894 0.07425742574257425
1 0.17920353982300885 0.3069306930693069 0.10176991150442478 0.07920792079207921
2 0.8584070796460177 0.6361386138613861 0.07964601769911504 0.08415841584158416
2 0.665929203539823 0.7425742574257426 0.06637168141592921 0.07920792079207921
3 0.8915929203539823 0.3217821782178218 0.05752212389380531 0.07920792079207921
3 0.8495575221238938 0.6237623762376238 0.061946902654867256 0.0891089108910891
4 0.4469026548672566 0.1806930693069307 0.07079646017699115 0.08415841584158416
