0 0.14601769911504425 0.7079207920792079 0.07964601769911504 0.09900990099009901
1 0.5597345132743363 0.24752475247524752 0.084070796460177 0.07920792079207921
1 0.25442477876106195 0.655940594059406 0.10176991150442478 0.10396039603960396
1 0.5376106194690266 0.9133663366336634 0.084070796460177 0.09405940594059406
1 0.2610619469026549 0.6361386138613861 0.09734513274336283 0.09405940594059406
2 0.7898230088495575 0.7623762376237624 0.0752212389380531 0.07920792079207921
2 0.9579646017699115 0.8465346534653465 0.084070796460177 0.0594059405940594
2 0.4579646017699115 0.4430693069306931 0.06637168141592921 0.09405940594059406
2 0.4469026548672566 0.1905940594059406 0.07079646017699115 0.09405940594059406
3 0.4424778761061947 0.452970297029703 0.08849557522123894 0.09405940594059406
4 0.8230088495575221 0.7029702970297029 0.07079646017699115 0.06930693069306931
