1 0.05530973451327434 0.17326732673267325 0.084070796460177 0.0891089108910891
1 0.42920353982300885 0.7128712871287128 0.08849557522123894 0.09900990099009901
1 0.15486725663716813 0.8193069306930693 0.08849557522123894 0.10396039603960396
2 0.8495575221238938 0.9034653465346535 0.07964601769911504 0.09405940594059406
2 0.7345132743362832 0.45792079207920794 0.07079646017699115 0.07425742574257425
2 0.048672566371681415 0.07673267326732673 0.07079646017699115 0.10396039603960396
2 0.48672566371681414 0.693069306930693 0.07964601769911504 0.06930693069306931
2 0.4778761061946903 0.806930693069307 0.07079646017699115 0.0594059405940594
3 0.05752212389380531 0.07178217821782178 0.09734513274336283 0.07425742574257425
3 0.7522123893805309 0.08415841584158416 0.07964601769911504 0.10891089108910891
