0 0.1836283185840708 0.3589108910891089 0.06637168141592921 0.10396039603960396
1 0.6836283185840708 0.19801980198019803 0.084070796460177 0.07920792079207921
1 0.6991150442477876 0.2301980198019802 0.08849557522123894 0.08415841584158416
1 0.8407079646017699 0.2202970297029703 0.08849557522123894 0.08415841584158416
1 0.1836283185840708 0.4900990099009901 0.0752212389380531 0.09900990099009901
2 0.5663716814159292 0.6386138613861386 0.07964601769911504 0.07920792079207921
2 0.8738938053097345 0.16336633663366337 0.09292035398230089 0.06930693069306931
2 0.8495575221238938 0.4900990099009901 0.07964601769911504 0.06930693069306931
2 0.6548672566371682 0.25495049504950495 0.07964601769911504 0.07425742574257425
3 0.672566371681416 0.5668316831683168 0.07079646017699115 0.07425742574257425
4 0.33185840707964603 0.6188118811881188 0.09734513274336283 0.06930693069306931
