0 0.8097345132743363 0.2376237623762376 0.07964601769911504 0.10891089108910891
0 0.31194690265486724 0.8094059405940595 0.10176991150442478 0.09405940594059406
2 0.3185840707964602 0.06435643564356436 0.061946902654867256 0.0891089108910891
2 0.8207964601769911 0.6336633663366337 0.048672566371681415 0.0891089108910891
2 0.2721238938053097 0.6212871287128713 0.05752212389380531 0.09405940594059406
3 0.7632743362831859 0.5222772277227723 0.06637168141592921 0.07425742574257425
3 0.03982300884955752 0.03217821782178218 0.07079646017699115 0.06435643564356436
3 0.75 0.7326732673267327 0.10176991150442478 0.07920792079207921
3 0.2345132743362832 0.8168316831683168 0.07964601769911504 0.07920792079207921
3 0.8517699115044248 0.9529702970297029 0.0752212389380531 0.08415841584158416
