0 0.14601769911504425 0.46782178217821785 0.09734513274336283 0.11386138613861387
0 0.6592920353982301 0.29207920792079206 0.08849557522123894 0.0891089108910891
0 0.07743362831858407 0.43316831683168316 0.09292035398230089 0.13366336633663367
0 0.9137168141592921 0.9504950495049505 0.084070796460177 0.0891089108910891
0 0.49557522123893805 0.30198019801980197 0.09734513274336283 0.1188118811881188
1 0.4247787610619469 0.4801980198019802 0.07964601769911504 0.07920792079207921
1 0.6150442477876106 0.6188118811881188 0.07964601769911504 0.12871287128712872
1 0.7389380530973452 0.8910891089108911 0.08849557522123894 0.0891089108910891
1 0.3473451327433628 0.7178217821782178 0.10176991150442478 0.0891089108910891
1 0.9314159292035398 0.4975247524752475 0.084070796460177 0.11386138613861387
4 0.8296460176991151 0.5099009900990099 0.0752212389380531 0.10891089108910891
