0 0.6548672566371682 0.37623762376237624 0.09734513274336283 0.10891089108910891
0 0.2323008849557522 0.6386138613861386 0.09292035398230089 0.12871287128712872
1 0.7765486725663717 0.504950495049505 0.06637168141592921 0.07920792079207921
2 0.7566371681415929 0.1608910891089109 0.07964601769911504 0.07425742574257425
2 0.48008849557522126 0.31435643564356436 0.0752212389380531 0.08415841584158416
2 0.4756637168141593 0.33663366336633666 0.0752212389380531 0.06930693069306931
3 0.7013274336283186 0.8143564356435643 0.06637168141592921 0.07425742574257425
3 0.5 0.8688118811881188 0.07079646017699115 0.07425742574257425
3 0.09734513274336283 0.8217821782178217 0.07964601769911504 0.06930693069306931
3 0.28761061946902655 0.5222772277227723 0.09734513274336283 0.08415841584158416
