1 0.8495575221238938 0.8886138613861386 0.09734513274336283 0.08415841584158416
2 0.10176991150442478 0.42574257425742573 0.09734513274336283 0.0891089108910891
2 0.26548672566371684 0.7054455445544554 0.061946902654867256 0.10396039603960396
2 0.3672566371681416 0.400990099009901 0.07079646017699115 0.07920792079207921
2 0.9269911504424779 0.8663366336633663 0.05752212389380531 0.07920792079207921
2 0.41814159292035397 0.30445544554455445 0.048672566371681415 0.10396039603960396
3 0.1570796460176991 0.5024752475247525 0.0752212389380531 0.04455445544554455
3 0.6216814159292036 0.10643564356435643 0.0752212389380531 0.07425742574257425
3 0.6371681415929203 0.32425742574257427 0.07079646017699115 0.07425742574257425
3 0.7433628318584071 0.5470297029702971 0.07079646017699115 0.07425742574257425
4 0.6106194690265486 0.24257425742574257 0.07079646017699115 0.0594059405940594
