0 0.8207964601769911 0.6138613861386139 0.0752212389380531 0.09900990099009901
0 0.7964601769911505 0.4430693069306931 0.07964601769911504 0.08415841584158416
2 0.7212389380530974 0.22772277227722773 0.07964601769911504 0.06930693069306931
2 0.8694690265486725 0.6881188118811881 0.048672566371681415 0.09900990099009901
2 0.9446902654867256 0.6955445544554455 0.084070796460177 0.10396039603960396
3 0.35398230088495575 0.0594059405940594 0.04424778761061947 0.039603960396039604
3 0.3163716814159292 0.09900990099009901 0.084070796460177 0.09900990099009901
3 0.9137168141592921 0.49504950495049505 0.05752212389380531 0.07920792079207921
3 0.4269911504424779 0.5198019801980198 0.0752212389380531 0.0594059405940594
3 0.2168141592920354 0.07673267326732673 0.07964601769911504 0.08415841584158416
