0 0.6592920353982301 0.9108910891089109 0.08849557522123894 0.07920792079207921
0 0.6703539823008849 0.650990099009901 0.09292035398230089 0.11386138613861387
0 0.33185840707964603 0.7103960396039604 0.07964601769911504 0.08415841584158416
1 0.5530973451327433 0.6064356435643564 0.09734513274336283 0.08415841584158416
1 0.1172566371681416 0.6188118811881188 0.09292035398230089 0.06930693069306931
1 0.6216814159292036 0.3292079207920792 0.10176991150442478 0.11386138613861387
2 0.084070796460177 0.48514851485148514 0.09734513274336283 0.09900990099009901
2 0.08849557522123894 0.6237623762376238 0.07964601769911504 0.07920792079207921
3 0.7234513274336283 0.5544554455445545 0.09292035398230089 0.04950495049504951
3 0.8407079646017699 0.8118811881188119 0.07079646017699115 0.07920792079207921
4 0.08185840707964602 0.6732673267326733 0.084070796460177 0.09900990099009901
