0 0.8783185840707964 0.6831683168316832 0.09292035398230089 0.07920792079207921
0 0.18805309734513273 0.905940594059406 0.09292035398230089 0.0891089108910891
0 0.09292035398230089 0.08415841584158416 0.07964601769911504 0.09900990099009901
1 0.8230088495575221 0.5891089108910891 0.07079646017699115 0.0891089108910891
1 0.8407079646017699 0.8118811881188119 0.07964601769911504 0.09900990099009901
2 0.6172566371681416 0.6856435643564357 0.084070796460177 0.09405940594059406
2 0.7013274336283186 0.698019801980198 0.05752212389380531 0.06930693069306931
3 0.5553097345132744 0.44801980198019803 0.084070796460177 0.09405940594059406
3 0.47123893805309736 0.47277227722772275 0.084070796460177 0.09405940594059406
3 0.834070796460177 0.9133663366336634 0.0752212389380531 0.09405940594059406
4 0.4823008849557522 0.10148514851485149 0.061946902654867256 0.08415841584158416
