0 0.8561946902654868 0.6782178217821783 0.06637168141592921 0.09900990099009901
0 0.7256637168141593 0.10396039603960396 0.07964601769911504 0.06930693069306931
0 0.8362831858407079 0.9529702970297029 0.07964601769911504 0.09405940594059406
0 0.06637168141592921 0.5618811881188119 0.10619469026548672 0.09405940594059406
0 0.6460176991150443 0.3069306930693069 0.10619469026548672 0.09900990099009901
3 0.6836283185840708 0.5767326732673267 0.05752212389380531 0.10396039603960396
3 0.27876106194690264 0.5396039603960396 0.07079646017699115 0.09900990099009901
3 0.5132743362831859 0.9529702970297029 0.061946902654867256 0.07425742574257425
3 0.8738938053097345 0.7574257425742574 0.09292035398230089 0.06930693069306931
3 0.8075221238938053 0.7301980198019802 0.09292035398230089 0.08415841584158416
