0 0.08849557522123894 0.11633663366336634 0.061946902654867256 0.09405940594059406
0 0.11283185840707964 0.6014851485148515 0.09292035398230089 0.12376237623762376
1 0.6283185840707964 0.8316831683168316 0.08849557522123894 0.10891089108910891
1 0.827433628318584 0.43316831683168316 0.07964601769911504 0.07425742574257425
1 0.9026548672566371 0.07178217821782178 0.07079646017699115 0.07425742574257425
2 0.21902654867256638 0.26732673267326734 0.05752212389380531 0.09900990099009901
2 0.7765486725663717 0.6039603960396039 0.084070796460177 0.09900990099009901
2 0.9070796460176991 0.16831683168316833 0.07079646017699115 0.09900990099009901
3 0.4756637168141593 0.7970297029702971 0.06637168141592921 0.06930693069306931
3 0.46017699115044247 0.8514851485148515 0.08849557522123894 0.07920792079207921
4 0.9513274336283186 0.6089108910891089 0.07964601769911504 0.06930693069306931
