0 0.7345132743362832 0.3465346534653465 0.08849557522123894 0.10891089108910891
0 0.8783185840707964 0.09900990099009901 0.09292035398230089 0.1188118811881188
0 0.4646017699115044 0.18316831683168316 0.07964601769911504 0.0891089108910891
0 0.1747787610619469 0.1707920792079208 0.11061946902654868 0.09405940594059406
1 0.9137168141592921 0.7376237623762376 0.0752212389380531 0.09900990099009901
1 0.7433628318584071 0.7574257425742574 0.07964601769911504 0.09900990099009901
1 0.3561946902654867 0.7326732673267327 0.09292035398230089 0.09900990099009901
1 0.6238938053097345 0.15841584158415842 0.09734513274336283 0.07920792079207921
2 0.6017699115044248 0.7277227722772277 0.08849557522123894 0.06930693069306931
3 0.1592920353982301 0.24752475247524752 0.10619469026548672 0.07920792079207921
4 0.6747787610619469 0.6212871287128713 0.0752212389380531 0.09405940594059406
