0 0.9557522123893806 0.8613861386138614 0.08849557522123894 0.09900990099009901
0 0.2411504424778761 0.5074257425742574 0.09292035398230089 0.08415841584158416
1 0.09955752212389381 0.5495049504950495 0.0752212389380531 0.07920792079207921
1 0.13716814159292035 0.13861386138613863 0.07079646017699115 0.09900990099009901
2 0.5420353982300885 0.9554455445544554 0.084070796460177 0.07920792079207921
2 0.13053097345132744 0.7747524752475248 0.05752212389380531 0.10396039603960396
2 0.19247787610619468 0.3094059405940594 0.06637168141592921 0.06435643564356436
3 0.9469026548672567 0.9282178217821783 0.061946902654867256 0.06435643564356436
3 0.5929203539823009 0.6138613861386139 0.061946902654867256 0.0594059405940594
3 0.26548672566371684 0.2400990099009901 0.07964601769911504 0.09405940594059406
