0 0.6946902654867256 0.24752475247524752 0.08849557522123894 0.1188118811881188
0 0.3252212389380531 0.6113861386138614 0.084070796460177 0.09405940594059406
0 0.37389380530973454 0.44554455445544555 0.09292035398230089 0.09900990099009901
1 0.6592920353982301 0.37376237623762376 0.07964601769911504 0.10396039603960396
1 0.38495575221238937 0.4034653465346535 0.07964601769911504 0.06435643564356436
2 0.7190265486725663 0.8539603960396039 0.09292035398230089 0.08415841584158416
2 0.2721238938053097 0.2871287128712871 0.06637168141592921 0.0594059405940594
3 0.2831858407079646 0.8613861386138614 0.08849557522123894 0.06930693069306931
3 0.8871681415929203 0.08168316831683169 0.0752212389380531 0.07425742574257425
3 0.7389380530973452 0.2376237623762376 0.07079646017699115 0.04950495049504951
