0 0.41814159292035397 0.8663366336633663 0.084070796460177 0.06930693069306931
0 0.7676991150442478 0.6608910891089109 0.084070796460177 0.10396039603960396
0 0.3473451327433628 0.25 0.0752212389380531 0.10396039603960396
1 0.25663716814159293 0.4405940594059406 0.08849557522123894 0.0891089108910891
1 0.6902654867256637 0.2599009900990099 0.061946902654867256 0.09405940594059406
2 0.5309734513274337 0.6782178217821783 0.05309734513274336 0.06930693069306931
2 0.7123893805309734 0.6089108910891089 0.07964601769911504 0.07920792079207921
3 0.3672566371681416 0.7425742574257426 0.07079646017699115 0.09900990099009901
3 0.19911504424778761 0.05693069306930693 0.07079646017699115 0.08415841584158416
3 0.7013274336283186 0.3787128712871287 0.05752212389380531 0.07425742574257425
4 0.5176991150442478 0.4282178217821782 0.05309734513274336 0.08415841584158416
