1 0.07743362831858407 0.5742574257425742 0.0752212389380531 0.07920792079207921
1 0.5575221238938053 0.1608910891089109 0.08849557522123894 0.10396039603960396
2 0.27654867256637167 0.25742574257425743 0.09292035398230089 0.06930693069306931
2 0.9557522123893806 0.12376237623762376 0.07079646017699115 0.06930693069306931
2 0.8694690265486725 0.7153465346534653 0.0752212389380531 0.08415841584158416
2 0.8960176991150443 0.6089108910891089 0.06637168141592921 0.07920792079207921
2 0.41814159292035397 0.3069306930693069 0.084070796460177 0.0594059405940594
3 0.8672566371681416 0.39851485148514854 0.08849557522123894 0.07425742574257425
3 0.6592920353982301 0.6683168316831684 0.08849557522123894 0.0891089108910891
3 0.8030973451327433 0.8193069306930693 0.084070796460177 0.07425742574257425
4 0.5154867256637168 0.04455445544554455 0.084070796460177 0.0594059405940594
