0 0.5530973451327433 0.25742574257425743 0.07964601769911504 0.1188118811881188
0 0.6460176991150443 0.8044554455445545 0.08849557522123894 0.06435643564356436
1 0.9292035398230089 0.3886138613861386 0.08849557522123894 0.11386138613861387
1 0.6703539823008849 0.3069306930693069 0.0752212389380531 0.0891089108910891
1 0.06415929203539823 0.27970297029702973 0.0752212389380531 0.08415841584158416
1 0.8252212389380531 0.8168316831683168 0.09292035398230089 0.09900990099009901
1 0.6194690265486725 0.27970297029702973 0.11504424778761062 0.12376237623762376
2 0.35398230088495575 0.35148514851485146 0.07964601769911504 0.09900990099009901
2 0.39601769911504425 0.34405940594059403 0.09292035398230089 0.054455445544554455
2 0.09070796460176991 0.14108910891089108 0.048672566371681415 0.09405940594059406
