0 0.3252212389380531 0.5841584158415841 0.084070796460177 0.0891089108910891
1 0.12831858407079647 0.4084158415841584 0.07079646017699115 0.11386138613861387
1 0.672566371681416 0.7524752475247525 0.08849557522123894 0.10891089108910891
2 0.6216814159292036 0.8564356435643564 0.084070796460177 0.06930693069306931
2 0.7986725663716814 0.31683168316831684 0.084070796460177 0.07920792079207921
2 0.27876106194690264 0.7227722772277227 0.05309734513274336 0.0891089108910891
2 0.5907079646017699 0.7475247524752475 0.084070796460177 0.07920792079207921
3 0.4646017699115044 0.7722772277227723 0.061946902654867256 0.07920792079207921
3 0.7787610619469026 0.6262376237623762 0.07964601769911504 0.08415841584158416
3 0.7654867256637168 0.31435643564356436 0.08849557522123894 0.07425742574257425
4 0.9070796460176991 0.8985148514851485 0.05309734513274336 0.07425742574257425
