0 0.2411504424778761 0.5915841584158416 0.06637168141592921 0.09405940594059406
0 0.18805309734513273 0.9455445544554455 0.0752212389380531 0.10891089108910891
0 0.8097345132743363 0.09653465346534654 0.09734513274336283 0.10396039603960396
0 0.17035398230088494 0.75 0.084070796460177 0.10396039603960396
0 0.7964601769911505 0.27722772277227725 0.08849557522123894 0.10891089108910891
1 0.4336283185840708 0.2599009900990099 0.061946902654867256 0.10396039603960396
1 0.5353982300884956 0.7797029702970297 0.08849557522123894 0.10396039603960396
1 0.7234513274336283 0.20297029702970298 0.10176991150442478 0.10891089108910891
1 0.7013274336283186 0.8267326732673267 0.0752212389380531 0.0891089108910891
1 0.6482300884955752 0.3712871287128713 0.0752212389380531 0.0891089108910891
