0 0.6969026548672567 0.11386138613861387 0.084070796460177 0.06930693069306931
2 0.3075221238938053 0.4381188118811881 0.06637168141592921 0.08415841584158416
2 0.25663716814159293 0.9232673267326733 0.05309734513274336 0.11386138613861387
2 0.19247787610619468 0.7970297029702971 0.084070796460177 0.07920792079207921
2 0.8716814159292036 0.6485148514851485 0.07964601769911504 0.0891089108910891
3 0.05530973451327434 0.10891089108910891 0.048672566371681415 0.07920792079207921
3 0.19690265486725664 0.3415841584158416 0.09292035398230089 0.07920792079207921
3 0.31194690265486724 0.5445544554455446 0.0752212389380531 0.06930693069306931
3 0.7101769911504425 0.844059405940594 0.05752212389380531 0.07425742574257425
3 0.8008849557522124 0.5371287128712872 0.061946902654867256 0.06435643564356436
4 0.3938053097345133 0.693069306930693 0.061946902654867256 0.07920792079207921
