0 0.2168141592920354 0.7202970297029703 0.07079646017699115 0.08415841584158416
0 0.6150442477876106 0.1905940594059406 0.08849557522123894 0.08415841584158416
0 0.6637168141592921 0.37376237623762376 0.09734513274336283 0.10396039603960396
0 0.7632743362831859 0.6361386138613861 0.0752212389380531 0.08415841584158416
1 0.8097345132743363 0.8811881188118812 0.08849557522123894 0.07920792079207921
1 0.33849557522123896 0.42574257425742573 0.09292035398230089 0.0891089108910891
2 0.8849557522123894 0.9455445544554455 0.09734513274336283 0.06930693069306931
3 0.10398230088495575 0.1782178217821782 0.0752212389380531 0.07920792079207921
3 0.1415929203539823 0.6435643564356436 0.07079646017699115 0.0594059405940594
3 0.6327433628318584 0.9232673267326733 0.05309734513274336 0.06435643564356436
