0 0.19247787610619468 0.32425742574257427 0.0752212389380531 0.09405940594059406
0 0.42035398230088494 0.25742574257425743 0.07964601769911504 0.0891089108910891
0 0.30973451327433627 0.7722772277227723 0.08849557522123894 0.0891089108910891
0 0.5862831858407079 0.4876237623762376 0.06637168141592921 0.09405940594059406
0 0.9358407079646017 0.3688118811881188 0.09292035398230089 0.11386138613861387
1 0.38716814159292035 0.6608910891089109 0.10176991150442478 0.10396039603960396
1 0.40707964601769914 0.6732673267326733 0.09734513274336283 0.0891089108910891
1 0.17256637168141592 0.9504950495049505 0.09734513274336283 0.07920792079207921
1 0.05530973451327434 0.15346534653465346 0.09292035398230089 0.10891089108910891
3 0.7234513274336283 0.7425742574257426 0.084070796460177 0.0594059405940594
