0 0.6902654867256637 0.24752475247524752 0.10619469026548672 0.10891089108910891
0 0.14380530973451328 0.7079207920792079 0.09292035398230089 0.0891089108910891
0 0.584070796460177 0.8217821782178217 0.07964601769911504 0.06930693069306931
0 0.6106194690265486 0.6336633663366337 0.07079646017699115 0.0594059405940594
1 0.45132743362831856 0.5148514851485149 0.07079646017699115 0.0891089108910891
2 0.7168141592920354 0.7227722772277227 0.07079646017699115 0.07920792079207921
3 0.19247787610619468 0.6782178217821783 0.0752212389380531 0.07920792079207921
3 0.6747787610619469 0.4603960396039604 0.05752212389380531 0.0891089108910891
3 0.5707964601769911 0.7004950495049505 0.07079646017699115 0.09405940594059406
3 0.7234513274336283 0.7797029702970297 0.0752212389380531 0.08415841584158416
