0 0.4225663716814159 0.12871287128712872 0.09292035398230089 0.0891089108910891
1 0.35398230088495575 0.34405940594059403 0.08849557522123894 0.08415841584158416
1 0.8539823008849557 0.12623762376237624 0.10619469026548672 0.09405940594059406
1 0.3893805309734513 0.1311881188118812 0.07964601769911504 0.08415841584158416
1 0.8230088495575221 0.5594059405940595 0.09734513274336283 0.09900990099009901
2 0.21017699115044247 0.25 0.0752212389380531 0.09405940594059406
2 0.6216814159292036 0.7128712871287128 0.06637168141592921 0.06930693069306931
2 0.6128318584070797 0.8168316831683168 0.05752212389380531 0.07920792079207921
2 0.5752212389380531 0.49257425742574257 0.07079646017699115 0.08415841584158416
3 0.6172566371681416 0.2599009900990099 0.084070796460177 0.09405940594059406
4 0.22123893805309736 0.06930693069306931 0.07964601769911504 0.07920792079207921
