0 0.18805309734513273 0.5024752475247525 0.09292035398230089 0.09405940594059406
0 0.15486725663716813 0.1608910891089109 0.08849557522123894 0.07425742574257425
0 0.9358407079646017 0.5420792079207921 0.09292035398230089 0.06435643564356436
0 0.6769911504424779 0.8861386138613861 0.09734513274336283 0.09900990099009901
1 0.6880530973451328 0.5222772277227723 0.10176991150442478 0.08415841584158416
1 0.3561946902654867 0.27722772277227725 0.0752212389380531 0.09900990099009901
1 0.6216814159292036 0.2400990099009901 0.084070796460177 0.10396039603960396
2 0.035398230088495575 0.25 0.07079646017699115 0.10396039603960396
3 0.6238938053097345 0.14356435643564355 0.07079646017699115 0.07920792079207921
3 0.35398230088495575 0.8737623762376238 0.07964601769911504 0.10396039603960396
4 0.6283185840707964 0.17326732673267325 0.08849557522123894 0.0891089108910891
