0 0.7699115044247787 0.6460396039603961 0.08849557522123894 0.11386138613861387
0 0.25663716814159293 0.844059405940594 0.08849557522123894 0.10396039603960396
2 0.6061946902654868 0.03712871287128713 0.05309734513274336 0.07425742574257425
2 0.5088495575221239 0.9257425742574258 0.07964601769911504 0.0594059405940594
2 0.6349557522123894 0.3712871287128713 0.06637168141592921 0.06930693069306931
3 0.918141592920354 0.650990099009901 0.084070796460177 0.10396039603960396
3 0.3473451327433628 0.07425742574257425 0.05752212389380531 0.06930693069306931
3 0.581858407079646 0.9207920792079208 0.09292035398230089 0.07920792079207921
3 0.07300884955752213 0.7227722772277227 0.084070796460177 0.07920792079207921
3 0.7212389380530974 0.8960396039603961 0.07079646017699115 0.07920792079207921
4 0.7278761061946902 0.7202970297029703 0.0752212389380531 0.06435643564356436
