0 0.668141592920354 0.23267326732673269 0.07079646017699115 0.09900990099009901
0 0.5730088495575221 0.8737623762376238 0.09292035398230089 0.11386138613861387
0 0.7787610619469026 0.7574257425742574 0.09734513274336283 0.12871287128712872
1 0.3694690265486726 0.9306930693069307 0.084070796460177 0.10891089108910891
1 0.9004424778761062 0.8341584158415841 0.0752212389380531 0.08415841584158416
1 0.6548672566371682 0.10396039603960396 0.061946902654867256 0.0891089108910891
2 0.6880530973451328 0.1311881188118812 0.084070796460177 0.07425742574257425
2 0.2079646017699115 0.32425742574257427 0.07079646017699115 0.09405940594059406
3 0.18584070796460178 0.36386138613861385 0.05309734513274336 0.09405940594059406
3 0.3561946902654867 0.3217821782178218 0.048672566371681415 0.07920792079207921
