0 0.827433628318584 0.09653465346534654 0.08849557522123894 0.11386138613861387
1 0.05752212389380531 0.8242574257425742 0.061946902654867256 0.07425742574257425
1 0.05752212389380531 0.07920792079207921 0.10619469026548672 0.1188118811881188
1 0.7676991150442478 0.1188118811881188 0.09292035398230089 0.0891089108910891
2 0.2743362831858407 0.3316831683168317 0.07079646017699115 0.07920792079207921
2 0.7853982300884956 0.23514851485148514 0.05752212389380531 0.07425742574257425
2 0.7876106194690266 0.5965346534653465 0.07964601769911504 0.08415841584158416
2 0.18805309734513273 0.8094059405940595 0.084070796460177 0.08415841584158416
3 0.6836283185840708 0.24752475247524752 0.03982300884955752 0.06930693069306931
3 0.2323008849557522 0.3415841584158416 0.06637168141592921 0.0891089108910891
