0 0.6880530973451328 0.8836633663366337 0.084070796460177 0.09405940594059406
0 0.16371681415929204 0.556930693069307 0.07964601769911504 0.09405940594059406
0 0.8119469026548672 0.3465346534653465 0.084070796460177 0.09900990099009901
0 0.5353982300884956 0.21287128712871287 0.10619469026548672 0.0891089108910891
0 0.918141592920354 0.20544554455445543 0.084070796460177 0.12376237623762376
1 0.08628318584070796 0.6188118811881188 0.05752212389380531 0.07920792079207921
1 0.5221238938053098 0.13613861386138615 0.07964601769911504 0.10396039603960396
1 0.497787610619469 0.6584158415841584 0.10176991150442478 0.10891089108910891
3 0.922566371681416 0.34405940594059403 0.084070796460177 0.07425742574257425
3 0.2942477876106195 0.24257425742574257 0.084070796460177 0.10891089108910891
