0 0.7853982300884956 0.8985148514851485 0.06637168141592921 0.10396039603960396
0 0.34292035398230086 0.8465346534653465 0.084070796460177 0.10891089108910891
0 0.6814159292035398 0.7301980198019802 0.08849557522123894 0.09405940594059406
0 0.16150442477876106 0.5742574257425742 0.084070796460177 0.0891089108910891
2 0.08849557522123894 0.5618811881188119 0.07079646017699115 0.08415841584158416
3 0.4491150442477876 0.8267326732673267 0.0752212389380531 0.09900990099009901
3 0.8982300884955752 0.8143564356435643 0.05309734513274336 0.08415841584158416
3 0.8185840707964602 0.6039603960396039 0.07079646017699115 0.07920792079207921
3 0.4889380530973451 0.05198019801980198 0.06637168141592921 0.09405940594059406
3 0.584070796460177 0.9331683168316832 0.07964601769911504 0.09405940594059406
