0 0.16150442477876106 0.09405940594059406 0.09292035398230089 0.09900990099009901
0 0.8097345132743363 0.1608910891089109 0.07964601769911504 0.08415841584158416
0 0.2013274336283186 0.2747524752475248 0.06637168141592921 0.09405940594059406
0 0.23672566371681417 0.14603960396039603 0.09292035398230089 0.08415841584158416
1 0.9137168141592921 0.9331683168316832 0.10176991150442478 0.12376237623762376
1 0.6526548672566371 0.2599009900990099 0.09292035398230089 0.11386138613861387
1 0.7477876106194691 0.8589108910891089 0.08849557522123894 0.09405940594059406
1 0.8163716814159292 0.04702970297029703 0.09292035398230089 0.09405940594059406
2 0.6349557522123894 0.48514851485148514 0.0752212389380531 0.0891089108910891
3 0.9048672566371682 0.10396039603960396 0.0752212389380531 0.07920792079207921
4 0.1084070796460177 0.7970297029702971 0.05752212389380531 0.07920792079207921
