0 0.8030973451327433 0.6806930693069307 0.10176991150442478 0.11386138613861387
0 0.8915929203539823 0.26732673267326734 0.084070796460177 0.1188118811881188
0 0.588495575221239 0.7821782178217822 0.08849557522123894 0.0891089108910891
1 0.10176991150442478 0.6262376237623762 0.07964601769911504 0.08415841584158416
2 0.2079646017699115 0.1608910891089109 0.061946902654867256 0.07425742574257425
2 0.03982300884955752 0.9207920792079208 0.061946902654867256 0.07920792079207921
3 0.17920353982300885 0.5767326732673267 0.0752212389380531 0.07425742574257425
3 0.13716814159292035 0.42574257425742573 0.07079646017699115 0.07920792079207921
3 0.754424778761062 0.7227722772277227 0.05752212389380531 0.06930693069306931
3 0.6969026548672567 0.5222772277227723 0.09292035398230089 0.11386138613861387
