0 0.22123893805309736 0.27722772277227725 0.08849557522123894 0.07920792079207921
0 0.5022123893805309 0.6806930693069307 0.0752212389380531 0.08415841584158416
0 0.9358407079646017 0.22772277227722773 0.0752212389380531 0.0891089108910891
0 0.5929203539823009 0.8539603960396039 0.07079646017699115 0.12376237623762376
0 0.9380530973451328 0.9405940594059405 0.07079646017699115 0.06930693069306931
1 0.3495575221238938 0.30198019801980197 0.07079646017699115 0.09900990099009901
3 0.9314159292035398 0.2871287128712871 0.0752212389380531 0.0594059405940594
3 0.3827433628318584 0.04207920792079208 0.0752212389380531 0.06435643564356436
3 0.2920353982300885 0.1608910891089109 0.07079646017699115 0.07425742574257425
3 0.03982300884955752 0.8836633663366337 0.061946902654867256 0.08415841584158416
