1 0.18805309734513273 0.2599009900990099 0.084070796460177 0.09405940594059406
1 0.6814159292035398 0.6856435643564357 0.09734513274336283 0.08415841584158416
2 0.7168141592920354 0.3415841584158416 0.07964601769911504 0.0891089108910891
2 0.09292035398230089 0.9331683168316832 0.08849557522123894 0.08415841584158416
2 0.059734513274336286 0.46534653465346537 0.0752212389380531 0.09900990099009901
2 0.12389380530973451 0.47277227722772275 0.08849557522123894 0.09405940594059406
2 0.11504424778761062 0.349009900990099 0.061946902654867256 0.06435643564356436
3 0.07964601769911504 0.3193069306930693 0.07079646017699115 0.06435643564356436
3 0.22123893805309736 0.6410891089108911 0.08849557522123894 0.08415841584158416
3 0.11946902654867257 0.6237623762376238 0.05309734513274336 0.0594059405940594
