0 0.04424778761061947 0.5841584158415841 0.08849557522123894 0.1188118811881188
0 0.08628318584070796 0.6212871287128713 0.09292035398230089 0.10396039603960396
0 0.4469026548672566 0.06435643564356436 0.08849557522123894 0.09900990099009901
0 0.9004424778761062 0.14603960396039603 0.084070796460177 0.10396039603960396
0 0.37610619469026546 0.7995049504950495 0.07964601769911504 0.09405940594059406
3 0.3008849557522124 0.23514851485148514 0.08849557522123894 0.08415841584158416
3 0.29867256637168144 0.6064356435643564 0.06637168141592921 0.08415841584158416
3 0.6991150442477876 0.15099009900990099 0.07964601769911504 0.10396039603960396
3 0.5221238938053098 0.3910891089108911 0.07079646017699115 0.07920792079207921
3 0.7632743362831859 0.8762376237623762 0.06637168141592921 0.1188118811881188
4 0.7787610619469026 0.5173267326732673 0.08849557522123894 0.07425742574257425
