0 0.11283185840707964 0.504950495049505 0.084070796460177 0.06930693069306931
2 0.22566371681415928 0.10148514851485149 0.08849557522123894 0.07425742574257425
2 0.19469026548672566 0.38613861386138615 0.061946902654867256 0.07920792079207921
2 0.04424778761061947 0.49504950495049505 0.07079646017699115 0.06930693069306931
2 0.8783185840707964 0.27722772277227725 0.0752212389380531 0.0594059405940594
3 0.336283185840708 0.17574257425742573 0.08849557522123894 0.07425742574257425
3 0.5331858407079646 0.2376237623762376 0.048672566371681415 0.07920792079207921
3 0.8915929203539823 0.8688118811881188 0.06637168141592921 0.08415841584158416
3 0.9247787610619469 0.3910891089108911 0.07079646017699115 0.1188118811881188
3 0.45353982300884954 0.8935643564356436 0.084070796460177 0.09405940594059406
4 0.26991150442477874 0.655940594059406 0.061946902654867256 0.07425742574257425
