0 0.42920353982300885 0.9108910891089109 0.061946902654867256 0.06930693069306931
0 0.7433628318584071 0.30445544554455445 0.08849557522123894 0.08415841584158416
2 0.21902654867256638 0.5272277227722773 0.06637168141592921 0.06435643564356436
2 0.26327433628318586 0.905940594059406 0.0752212389380531 0.07920792079207921
2 0.6371681415929203 0.27970297029702973 0.07079646017699115 0.07425742574257425
3 0.4225663716814159 0.8217821782178217 0.0752212389380531 0.07920792079207921
3 0.35176991150442477 0.4183168316831683 0.09292035398230089 0.10396039603960396
3 0.5243362831858407 0.8564356435643564 0.10176991150442478 0.07920792079207921
3 0.665929203539823 0.13613861386138615 0.0752212389380531 0.054455445544554455
3 0.8075221238938053 0.8712871287128713 0.084070796460177 0.06930693069306931
