0 0.4469026548672566 0.39851485148514854 0.09734513274336283 0.10396039603960396
0 0.2411504424778761 0.5173267326732673 0.09292035398230089 0.10396039603960396
0 0.7654867256637168 0.32673267326732675 0.07964601769911504 0.09900990099009901
0 0.7433628318584071 0.8712871287128713 0.10619469026548672 0.06930693069306931
1 0.04424778761061947 0.8465346534653465 0.07079646017699115 0.0891089108910891
1 0.27654867256637167 0.6188118811881188 0.084070796460177 0.0891089108910891
1 0.25442477876106195 0.2301980198019802 0.0752212389380531 0.10396039603960396
1 0.4579646017699115 0.44554455445544555 0.09292035398230089 0.0891089108910891
1 0.14601769911504425 0.4282178217821782 0.07964601769911504 0.07425742574257425
2 0.20353982300884957 0.13613861386138615 0.09734513274336283 0.08415841584158416
4 0.9292035398230089 0.3341584158415842 0.05309734513274336 0.09405940594059406
