0 0.4314159292035398 0.05693069306930693 0.06637168141592921 0.10396039603960396
0 0.5907079646017699 0.9529702970297029 0.06637168141592921 0.08415841584158416
0 0.8960176991150443 0.45792079207920794 0.084070796460177 0.10396039603960396
0 0.7146017699115044 0.4405940594059406 0.09292035398230089 0.1188118811881188
0 0.5995575221238938 0.7797029702970297 0.10176991150442478 0.12376237623762376
3 0.16592920353982302 0.8366336633663366 0.06637168141592921 0.09900990099009901
3 0.7146017699115044 0.9257425742574258 0.05752212389380531 0.07920792079207921
3 0.3694690265486726 0.26732673267326734 0.06637168141592921 0.0891089108910891
3 0.7013274336283186 0.47277227722772275 0.084070796460177 0.06435643564356436
3 0.7212389380530974 0.08168316831683169 0.08849557522123894 0.07425742574257425
4 0.8429203539823009 0.900990099009901 0.09292035398230089 0.06930693069306931
