0 0.8097345132743363 0.8316831683168316 0.09734513274336283 0.0891089108910891
0 0.5995575221238938 0.09653465346534654 0.05752212389380531 0.08415841584158416
0 0.37610619469026546 0.8168316831683168 0.08849557522123894 0.07920792079207921
0 0.5088495575221239 0.2623762376237624 0.08849557522123894 0.0891089108910891
0 0.14823008849557523 0.18316831683168316 0.10176991150442478 0.09900990099009901
1 0.9292035398230089 0.2896039603960396 0.07079646017699115 0.07425742574257425
1 0.17699115044247787 0.12128712871287128 0.07079646017699115 0.09405940594059406
3 0.8296460176991151 0.4504950495049505 0.0752212389380531 0.0594059405940594
3 0.3185840707964602 0.29207920792079206 0.07079646017699115 0.10891089108910891
3 0.1902654867256637 0.08168316831683169 0.07964601769911504 0.09405940594059406
