0 0.7389380530973452 0.2004950495049505 0.061946902654867256 0.06435643564356436
0 0.5066371681415929 0.6732673267326733 0.09292035398230089 0.09900990099009901
0 0.8473451327433629 0.7277227722772277 0.084070796460177 0.07920792079207921
0 0.9292035398230089 0.05693069306930693 0.08849557522123894 0.11386138613861387
1 0.6836283185840708 0.5198019801980198 0.0752212389380531 0.0891089108910891
1 0.48451327433628316 0.8217821782178217 0.0752212389380531 0.09900990099009901
1 0.6836283185840708 0.7178217821782178 0.0752212389380531 0.09900990099009901
1 0.4004424778761062 0.400990099009901 0.084070796460177 0.10891089108910891
1 0.838495575221239 0.4430693069306931 0.0752212389380531 0.08415841584158416
2 0.918141592920354 0.400990099009901 0.06637168141592921 0.06930693069306931
4 0.9557522123893806 0.8762376237623762 0.07079646017699115 0.0891089108910891
