2 0.07079646017699115 0.9207920792079208 0.07079646017699115 0.06930693069306931
2 0.14601769911504425 0.10148514851485149 0.09734513274336283 0.08415841584158416
2 0.7079646017699115 0.5346534653465347 0.07964601769911504 0.07920792079207921
2 0.7588495575221239 0.2524752475247525 0.06637168141592921 0.07920792079207921
2 0.4446902654867257 0.5965346534653465 0.0752212389380531 0.09405940594059406
3 0.6902654867256637 0.4801980198019802 0.07079646017699115 0.0891089108910891
3 0.9137168141592921 0.6658415841584159 0.0752212389380531 0.08415841584158416
3 0.9557522123893806 0.7400990099009901 0.07079646017699115 0.08415841584158416
3 0.168141592920354 0.7153465346534653 0.061946902654867256 0.09405940594059406
3 0.13495575221238937 0.8341584158415841 0.0752212389380531 0.07425742574257425
4 0.4446902654867257 0.9207920792079208 0.048672566371681415 0.0891089108910891
