0 0.9070796460176991 0.20544554455445543 0.08849557522123894 0.09405940594059406
2 0.8207964601769911 0.45544554455445546 0.05752212389380531 0.06930693069306931
2 0.7920353982300885 0.37623762376237624 0.05309734513274336 0.0594059405940594
2 0.23893805309734514 0.2301980198019802 0.061946902654867256 0.08415841584158416
2 0.336283185840708 0.30445544554455445 0.07079646017699115 0.08415841584158416
3 0.08628318584070796 0.15099009900990099 0.05752212389380531 0.06435643564356436
3 0.8650442477876106 0.2623762376237624 0.06637168141592921 0.0891089108910891
3 0.8141592920353983 0.5668316831683168 0.061946902654867256 0.07425742574257425
3 0.29646017699115046 0.5668316831683168 0.061946902654867256 0.09405940594059406
3 0.6902654867256637 0.6014851485148515 0.061946902654867256 0.054455445544554455
4 0.20575221238938052 0.5891089108910891 0.09292035398230089 0.0891089108910891
