1 0.8561946902654868 0.806930693069307 0.0752212389380531 0.09900990099009901
1 0.2743362831858407 0.9331683168316832 0.061946902654867256 0.10396039603960396
1 0.2234513274336283 0.6287128712871287 0.0752212389380531 0.06930693069306931
2 0.7676991150442478 0.7772277227722773 0.05752212389380531 0.06930693069306931
2 0.37831858407079644 0.5767326732673267 0.084070796460177 0.08415841584158416
2 0.2831858407079646 0.25495049504950495 0.09734513274336283 0.08415841584158416
2 0.8960176991150443 0.297029702970297 0.084070796460177 0.06930693069306931
2 0.504424778761062 0.2599009900990099 0.07079646017699115 0.07425742574257425
3 0.046460176991150445 0.1806930693069307 0.084070796460177 0.10396039603960396
3 0.6792035398230089 0.8762376237623762 0.06637168141592921 0.06930693069306931
