0 0.15265486725663716 0.8712871287128713 0.084070796460177 0.06930693069306931
0 0.5309734513274337 0.3292079207920792 0.10619469026548672 0.10396039603960396
0 0.11946902654867257 0.8316831683168316 0.08849557522123894 0.06930693069306931
1 0.8805309734513275 0.7252475247524752 0.09734513274336283 0.09405940594059406
2 0.8783185840707964 0.4603960396039604 0.06637168141592921 0.06930693069306931
2 0.5752212389380531 0.7400990099009901 0.09734513274336283 0.07425742574257425
3 0.19690265486725664 0.8316831683168316 0.03982300884955752 0.06930693069306931
3 0.0420353982300885 0.5173267326732673 0.05752212389380531 0.06435643564356436
3 0.827433628318584 0.6212871287128713 0.08849557522123894 0.054455445544554455
3 0.11283185840707964 0.8589108910891089 0.084070796460177 0.09405940594059406
