0 0.39823008849557523 0.7079207920792079 0.07964601769911504 0.10891089108910891
0 0.13274336283185842 0.44554455445544555 0.08849557522123894 0.09900990099009901
0 0.39823008849557523 0.2871287128712871 0.07964601769911504 0.09900990099009901
1 0.5685840707964602 0.09900990099009901 0.084070796460177 0.0891089108910891
1 0.6283185840707964 0.7153465346534653 0.07079646017699115 0.09405940594059406
2 0.06637168141592921 0.6683168316831684 0.07079646017699115 0.07920792079207921
2 0.13495575221238937 0.7772277227722773 0.09292035398230089 0.07920792079207921
3 0.9203539823008849 0.2747524752475248 0.08849557522123894 0.07425742574257425
3 0.584070796460177 0.3465346534653465 0.09734513274336283 0.0891089108910891
3 0.6460176991150443 0.7797029702970297 0.061946902654867256 0.054455445544554455
