0 0.3008849557522124 0.35148514851485146 0.09734513274336283 0.10891089108910891
0 0.9092920353982301 0.698019801980198 0.0752212389380531 0.10891089108910891
0 0.31194690265486724 0.5198019801980198 0.09292035398230089 0.09900990099009901
0 0.06637168141592921 0.38613861386138615 0.061946902654867256 0.0891089108910891
0 0.29646017699115046 0.44801980198019803 0.09734513274336283 0.10396039603960396
1 0.2168141592920354 0.5074257425742574 0.08849557522123894 0.10396039603960396
1 0.1592920353982301 0.4504950495049505 0.08849557522123894 0.10891089108910891
1 0.7389380530973452 0.8366336633663366 0.08849557522123894 0.07920792079207921
1 0.7699115044247787 0.594059405940594 0.09734513274336283 0.1188118811881188
1 0.49336283185840707 0.7128712871287128 0.0752212389380531 0.0891089108910891
