0 0.6482300884955752 0.07673267326732673 0.09292035398230089 0.09405940594059406
2 0.8960176991150443 0.21534653465346534 0.06637168141592921 0.07425742574257425
2 0.5973451327433629 0.5693069306930693 0.07079646017699115 0.07920792079207921
2 0.8230088495575221 0.9232673267326733 0.07079646017699115 0.07425742574257425
2 0.831858407079646 0.7896039603960396 0.08849557522123894 0.08415841584158416
3 0.6415929203539823 0.551980198019802 0.07079646017699115 0.10396039603960396
3 0.6880530973451328 0.3589108910891089 0.06637168141592921 0.09405940594059406
3 0.4092920353982301 0.9257425742574258 0.06637168141592921 0.07920792079207921
3 0.7323008849557522 0.5915841584158416 0.06637168141592921 0.09405940594059406
3 0.8783185840707964 0.3217821782178218 0.09292035398230089 0.09900990099009901
4 0.4314159292035398 0.8044554455445545 0.06637168141592921 0.09405940594059406
