0 0.5442477876106194 0.9084158415841584 0.08849557522123894 0.10396039603960396
0 0.6703539823008849 0.4034653465346535 0.09292035398230089 0.07425742574257425
0 0.3141592920353982 0.7054455445544554 0.07079646017699115 0.08415841584158416
1 0.8030973451327433 0.2623762376237624 0.09292035398230089 0.1188118811881188
2 0.7389380530973452 0.4183168316831683 0.061946902654867256 0.054455445544554455
2 0.6084070796460177 0.4183168316831683 0.05752212389380531 0.09405940594059406
3 0.1902654867256637 0.4876237623762376 0.07964601769911504 0.10396039603960396
3 0.3075221238938053 0.6584158415841584 0.06637168141592921 0.06930693069306931
3 0.17699115044247787 0.7153465346534653 0.07079646017699115 0.08415841584158416
3 0.4778761061946903 0.11138613861386139 0.07964601769911504 0.07425742574257425
4 0.6836283185840708 0.7722772277227723 0.06637168141592921 0.09900990099009901
