0 0.7920353982300885 0.31435643564356436 0.07964601769911504 0.08415841584158416
0 0.6703539823008849 0.4282178217821782 0.09292035398230089 0.11386138613861387
0 0.7898230088495575 0.5816831683168316 0.0752212389380531 0.07425742574257425
0 0.5287610619469026 0.04455445544554455 0.09292035398230089 0.07920792079207921
0 0.168141592920354 0.2896039603960396 0.07964601769911504 0.08415841584158416
1 0.21017699115044247 0.5396039603960396 0.0752212389380531 0.09900990099009901
1 0.6438053097345132 0.3094059405940594 0.0752212389380531 0.09405940594059406
1 0.9336283185840708 0.7227722772277227 0.09734513274336283 0.10891089108910891
3 0.5707964601769911 0.6410891089108911 0.07079646017699115 0.07425742574257425
3 0.3473451327433628 0.9108910891089109 0.06637168141592921 0.06930693069306931
4 0.2234513274336283 0.8861386138613861 0.084070796460177 0.07920792079207921
