0 0.6415929203539823 0.5643564356435643 0.09734513274336283 0.0891089108910891
1 0.41814159292035397 0.15099009900990099 0.09292035398230089 0.08415841584158416
1 0.915929203539823 0.34405940594059403 0.08849557522123894 0.12376237623762376
1 0.3053097345132743 0.6584158415841584 0.061946902654867256 0.06930693069306931
2 0.46238938053097345 0.07425742574257425 0.084070796460177 0.0891089108910891
2 0.3252212389380531 0.900990099009901 0.06637168141592921 0.07920792079207921
2 0.6460176991150443 0.3811881188118812 0.08849557522123894 0.0891089108910891
2 0.661504424778761 0.5297029702970297 0.048672566371681415 0.07920792079207921
3 0.046460176991150445 0.6014851485148515 0.084070796460177 0.10396039603960396
3 0.3163716814159292 0.5148514851485149 0.0752212389380531 0.06930693069306931
4 0.5995575221238938 0.29207920792079206 0.084070796460177 0.0891089108910891
