0 0.9137168141592921 0.18811881188118812 0.0752212389380531 0.07920792079207921
0 0.3163716814159292 0.5148514851485149 0.084070796460177 0.09900990099009901
0 0.39823008849557523 0.1311881188118812 0.08849557522123894 0.09405940594059406
0 0.5066371681415929 0.10148514851485149 0.084070796460177 0.08415841584158416
1 0.504424778761062 0.3910891089108911 0.11504424778761062 0.09900990099009901
1 0.3141592920353982 0.18811881188118812 0.05309734513274336 0.0891089108910891
1 0.49557522123893805 0.8712871287128713 0.10619469026548672 0.09900990099009901
2 0.36283185840707965 0.22524752475247525 0.061946902654867256 0.09405940594059406
3 0.5398230088495575 0.7004950495049505 0.08849557522123894 0.09405940594059406
3 0.13053097345132744 0.8564356435643564 0.0752212389380531 0.06930693069306931
