0 0.3274336283185841 0.7871287128712872 0.07964601769911504 0.10891089108910891
0 0.8163716814159292 0.2722772277227723 0.06637168141592921 0.0594059405940594
2 0.8451327433628318 0.8118811881188119 0.08849557522123894 0.0891089108910891
2 0.336283185840708 0.5123762376237624 0.07964601769911504 0.09405940594059406
2 0.47345132743362833 0.9504950495049505 0.07964601769911504 0.0891089108910891
3 0.35398230088495575 0.37376237623762376 0.07079646017699115 0.06435643564356436
3 0.30973451327433627 0.04702970297029703 0.07079646017699115 0.09405940594059406
3 0.9469026548672567 0.9084158415841584 0.061946902654867256 0.09405940594059406
3 0.08628318584070796 0.4306930693069307 0.048672566371681415 0.06930693069306931
3 0.922566371681416 0.08415841584158416 0.084070796460177 0.09900990099009901
