0 0.6946902654867256 0.7277227722772277 0.11504424778761062 0.09900990099009901
0 0.37610619469026546 0.29455445544554454 0.08849557522123894 0.08415841584158416
1 0.22787610619469026 0.30445544554455445 0.0752212389380531 0.08415841584158416
2 0.754424778761062 0.6485148514851485 0.06637168141592921 0.07920792079207921
2 0.48008849557522126 0.7846534653465347 0.06637168141592921 0.10396039603960396
2 0.5929203539823009 0.5717821782178217 0.08849557522123894 0.06435643564356436
3 0.75 0.5742574257425742 0.06637168141592921 0.06930693069306931
3 0.44026548672566373 0.10148514851485149 0.084070796460177 0.10396039603960396
3 0.2853982300884956 0.5742574257425742 0.0752212389380531 0.0594059405940594
3 0.35398230088495575 0.948019801980198 0.07964601769911504 0.09405940594059406
