0 0.7942477876106194 0.46534653465346537 0.0752212389380531 0.09900990099009901
0 0.5973451327433629 0.4752475247524752 0.07964601769911504 0.0891089108910891
1 0.08628318584070796 0.9455445544554455 0.09292035398230089 0.0891089108910891
1 0.5420353982300885 0.801980198019802 0.06637168141592921 0.10891089108910891
1 0.17920353982300885 0.6905940594059405 0.10176991150442478 0.10396039603960396
2 0.9048672566371682 0.801980198019802 0.09292035398230089 0.0594059405940594
2 0.3407079646017699 0.7029702970297029 0.07964601769911504 0.07920792079207921
2 0.7146017699115044 0.4207920792079208 0.084070796460177 0.06930693069306931
3 0.4491150442477876 0.28465346534653463 0.084070796460177 0.08415841584158416
3 0.33849557522123896 0.4628712871287129 0.0752212389380531 0.10396039603960396
