0 0.8252212389380531 0.39851485148514854 0.084070796460177 0.11386138613861387
0 0.9469026548672567 0.2599009900990099 0.09734513274336283 0.10396039603960396
0 0.252212389380531 0.1608910891089109 0.08849557522123894 0.10396039603960396
0 0.4026548672566372 0.754950495049505 0.07079646017699115 0.07425742574257425
1 0.827433628318584 0.6806930693069307 0.07079646017699115 0.09405940594059406
2 0.1570796460176991 0.9331683168316832 0.06637168141592921 0.10396039603960396
3 0.588495575221239 0.33910891089108913 0.07079646017699115 0.09405940594059406
3 0.8938053097345132 0.11633663366336634 0.061946902654867256 0.08415841584158416
3 0.21238938053097345 0.8514851485148515 0.07079646017699115 0.07920792079207921
3 0.17920353982300885 0.5767326732673267 0.048672566371681415 0.09405940594059406
