1 0.8008849557522124 0.7896039603960396 0.09734513274336283 0.09405940594059406
1 0.1415929203539823 0.7054455445544554 0.07079646017699115 0.09405940594059406
1 0.6504424778761062 0.37376237623762376 0.07079646017699115 0.09405940594059406
1 0.8716814159292036 0.37376237623762376 0.07964601769911504 0.09405940594059406
1 0.7146017699115044 0.8094059405940595 0.09292035398230089 0.08415841584158416
2 0.4026548672566372 0.8589108910891089 0.061946902654867256 0.09405940594059406
2 0.6061946902654868 0.11386138613861387 0.061946902654867256 0.07920792079207921
2 0.1415929203539823 0.2698019801980198 0.07079646017699115 0.08415841584158416
2 0.7920353982300885 0.2004950495049505 0.07964601769911504 0.08415841584158416
2 0.7743362831858407 0.15841584158415842 0.08849557522123894 0.0891089108910891
