0 0.6349557522123894 0.5693069306930693 0.0752212389380531 0.10891089108910891
0 0.7367256637168141 0.9405940594059405 0.11061946902654868 0.09900990099009901
0 0.5929203539823009 0.2524752475247525 0.07964601769911504 0.10891089108910891
2 0.4358407079646018 0.9678217821782178 0.05752212389380531 0.06435643564356436
2 0.2234513274336283 0.06435643564356436 0.048672566371681415 0.06930693069306931
3 0.05752212389380531 0.22772277227722773 0.07079646017699115 0.07920792079207921
3 0.25442477876106195 0.4504950495049505 0.084070796460177 0.07920792079207921
3 0.7809734513274337 0.7871287128712872 0.06637168141592921 0.0594059405940594
3 0.5420353982300885 0.2376237623762376 0.0752212389380531 0.07920792079207921
3 0.8141592920353983 0.556930693069307 0.05309734513274336 0.08415841584158416
4 0.8141592920353983 0.32425742574257427 0.061946902654867256 0.06435643564356436
