0 0.49336283185840707 0.8143564356435643 0.11061946902654868 0.09405940594059406
0 0.38495575221238937 0.745049504950495 0.09734513274336283 0.07425742574257425
0 0.911504424778761 0.6608910891089109 0.08849557522123894 0.09405940594059406
0 0.8694690265486725 0.2747524752475248 0.06637168141592921 0.11386138613861387
0 0.5398230088495575 0.24504950495049505 0.08849557522123894 0.10396039603960396
3 0.5066371681415929 0.7054455445544554 0.0752212389380531 0.07425742574257425
3 0.15486725663716813 0.5841584158415841 0.07079646017699115 0.0891089108910891
3 0.3893805309734513 0.46782178217821785 0.08849557522123894 0.09405940594059406
3 0.6592920353982301 0.6386138613861386 0.07079646017699115 0.0594059405940594
3 0.3915929203539823 0.6683168316831684 0.048672566371681415 0.07920792079207921
4 0.168141592920354 0.7153465346534653 0.07079646017699115 0.10396039603960396
