0 0.2323008849557522 0.19801980198019803 0.0752212389380531 0.09900990099009901
0 0.10176991150442478 0.8118811881188119 0.07964601769911504 0.09900990099009901
0 0.5862831858407079 0.14356435643564355 0.0752212389380531 0.06930693069306931
1 0.8539823008849557 0.655940594059406 0.10619469026548672 0.10396039603960396
1 0.32964601769911506 0.8861386138613861 0.09292035398230089 0.09900990099009901
1 0.5973451327433629 0.3292079207920792 0.061946902654867256 0.08415841584158416
2 0.4469026548672566 0.8910891089108911 0.07079646017699115 0.0891089108910891
2 0.8694690265486725 0.7896039603960396 0.0752212389380531 0.10396039603960396
3 0.47345132743362833 0.8193069306930693 0.05309734513274336 0.08415841584158416
3 0.4358407079646018 0.40594059405940597 0.06637168141592921 0.07920792079207921
4 0.6061946902654868 0.2698019801980198 0.061946902654867256 0.07425742574257425
