0 0.8827433628318584 0.3589108910891089 0.09292035398230089 0.09405940594059406
1 0.38495575221238937 0.10396039603960396 0.07079646017699115 0.09900990099009901
1 0.07079646017699115 0.8316831683168316 0.07964601769911504 0.0891089108910891
1 0.6858407079646017 0.7326732673267327 0.061946902654867256 0.09900990099009901
1 0.9004424778761062 0.4752475247524752 0.06637168141592921 0.09900990099009901
1 0.754424778761062 0.054455445544554455 0.0752212389380531 0.09900990099009901
2 0.05752212389380531 0.7846534653465347 0.07079646017699115 0.08415841584158416
2 0.9026548672566371 0.29207920792079206 0.05309734513274336 0.0594059405940594
2 0.2168141592920354 0.07425742574257425 0.08849557522123894 0.09900990099009901
2 0.22787610619469026 0.8094059405940595 0.0752212389380531 0.09405940594059406
4 0.3163716814159292 0.2004950495049505 0.048672566371681415 0.08415841584158416
