0 0.4690265486725664 0.9381188118811881 0.07964601769911504 0.07425742574257425
0 0.5796460176991151 0.8861386138613861 0.07079646017699115 0.0891089108910891
1 0.4469026548672566 0.6955445544554455 0.08849557522123894 0.09405940594059406
1 0.9336283185840708 0.8762376237623762 0.11504424778761062 0.09900990099009901
1 0.4756637168141593 0.9331683168316832 0.09292035398230089 0.10396039603960396
2 0.8539823008849557 0.48267326732673266 0.07079646017699115 0.09405940594059406
2 0.5973451327433629 0.8861386138613861 0.07964601769911504 0.07920792079207921
2 0.7522123893805309 0.8985148514851485 0.08849557522123894 0.07425742574257425
3 0.11061946902654868 0.7846534653465347 0.09734513274336283 0.07425742574257425
3 0.1570796460176991 0.7797029702970297 0.06637168141592921 0.09405940594059406
