0 0.8296460176991151 0.22772277227722773 0.11061946902654868 0.10891089108910891
0 0.6393805309734514 0.4975247524752475 0.0752212389380531 0.10396039603960396
1 0.34513274336283184 0.3316831683168317 0.08849557522123894 0.09900990099009901
1 0.3473451327433628 0.6485148514851485 0.084070796460177 0.09900990099009901
2 0.25663716814159293 0.3069306930693069 0.061946902654867256 0.06930693069306931
2 0.44026548672566373 0.8811881188118812 0.0752212389380531 0.07920792079207921
2 0.7278761061946902 0.2103960396039604 0.0752212389380531 0.08415841584158416
3 0.5221238938053098 0.5148514851485149 0.08849557522123894 0.07920792079207921
3 0.252212389380531 0.943069306930693 0.07964601769911504 0.09405940594059406
3 0.059734513274336286 0.8044554455445545 0.084070796460177 0.09405940594059406
4 0.8185840707964602 0.698019801980198 0.05309734513274336 0.0891089108910891
