0 0.7588495575221239 0.2004950495049505 0.09292035398230089 0.08415841584158416
1 0.5663716814159292 0.7623762376237624 0.09734513274336283 0.09900990099009901
2 0.7898230088495575 0.7673267326732673 0.084070796460177 0.10891089108910891
2 0.7146017699115044 0.3118811881188119 0.09292035398230089 0.06930693069306931
2 0.6969026548672567 0.8539603960396039 0.048672566371681415 0.08415841584158416
2 0.3008849557522124 0.3712871287128713 0.061946902654867256 0.07920792079207921
3 0.9424778761061947 0.9579207920792079 0.07964601769911504 0.07425742574257425
3 0.6548672566371682 0.33910891089108913 0.061946902654867256 0.09405940594059406
3 0.4646017699115044 0.4801980198019802 0.061946902654867256 0.07920792079207921
3 0.6548672566371682 0.25 0.07964601769911504 0.10396039603960396
4 0.35176991150442477 0.9603960396039604 0.0752212389380531 0.07920792079207921
