2 0.4469026548672566 0.655940594059406 0.07079646017699115 0.08415841584158416
2 0.41150442477876104 0.6683168316831684 0.061946902654867256 0.0891089108910891
2 0.40707964601769914 0.3564356435643564 0.07964601769911504 0.0891089108910891
2 0.2610619469026549 0.16831683168316833 0.07079646017699115 0.09900990099009901
2 0.5907079646017699 0.2599009900990099 0.084070796460177 0.09405940594059406
3 0.07079646017699115 0.3886138613861386 0.05309734513274336 0.08415841584158416
3 0.6902654867256637 0.09405940594059406 0.07079646017699115 0.06930693069306931
3 0.16592920353982302 0.599009900990099 0.05752212389380531 0.09900990099009901
3 0.08185840707964602 0.18811881188118812 0.084070796460177 0.09900990099009901
3 0.6017699115044248 0.45792079207920794 0.07964601769911504 0.06435643564356436
4 0.34513274336283184 0.6831683168316832 0.09734513274336283 0.0594059405940594
