2 0.5553097345132744 0.7970297029702971 0.06637168141592921 0.06930693069306931
2 0.7765486725663717 0.5148514851485149 0.084070796460177 0.0891089108910891
2 0.8960176991150443 0.6485148514851485 0.06637168141592921 0.06930693069306931
2 0.8053097345132744 0.35148514851485146 0.061946902654867256 0.06930693069306931
2 0.4557522123893805 0.7252475247524752 0.061946902654867256 0.09405940594059406
3 0.3274336283185841 0.9702970297029703 0.07079646017699115 0.04950495049504951
3 0.14601769911504425 0.7376237623762376 0.061946902654867256 0.06930693069306931
3 0.838495575221239 0.7846534653465347 0.0752212389380531 0.09405940594059406
3 0.04424778761061947 0.1311881188118812 0.07079646017699115 0.06435643564356436
3 0.1172566371681416 0.4282178217821782 0.05752212389380531 0.08415841584158416
