0 0.9092920353982301 0.17574257425742573 0.09292035398230089 0.10396039603960396
0 0.8606194690265486 0.8217821782178217 0.0752212389380531 0.0891089108910891
0 0.34292035398230086 0.45792079207920794 0.06637168141592921 0.10396039603960396
2 0.6393805309734514 0.37376237623762376 0.09292035398230089 0.07425742574257425
2 0.5973451327433629 0.8811881188118812 0.061946902654867256 0.06930693069306931
3 0.9535398230088495 0.745049504950495 0.05752212389380531 0.09405940594059406
3 0.2743362831858407 0.6089108910891089 0.04424778761061947 0.0594059405940594
3 0.5575221238938053 0.33910891089108913 0.08849557522123894 0.054455445544554455
3 0.28761061946902655 0.13861386138613863 0.05309734513274336 0.0891089108910891
3 0.8650442477876106 0.32673267326732675 0.084070796460177 0.0891089108910891
