0 0.3185840707964602 0.5297029702970297 0.08849557522123894 0.09900990099009901
0 0.7699115044247787 0.16336633663366337 0.08849557522123894 0.06930693069306931
1 0.8429203539823009 0.6064356435643564 0.084070796460177 0.11386138613861387
1 0.4424778761061947 0.4034653465346535 0.10619469026548672 0.07425742574257425
1 0.7876106194690266 0.5247524752475248 0.10619469026548672 0.10891089108910891
1 0.6150442477876106 0.07178217821782178 0.09734513274336283 0.07425742574257425
1 0.6371681415929203 0.745049504950495 0.08849557522123894 0.07425742574257425
2 0.661504424778761 0.801980198019802 0.084070796460177 0.06930693069306931
2 0.5176991150442478 0.10396039603960396 0.07079646017699115 0.07920792079207921
2 0.23893805309734514 0.905940594059406 0.07079646017699115 0.0891089108910891
