1 0.831858407079646 0.6683168316831684 0.08849557522123894 0.10891089108910891
1 0.33185840707964603 0.6361386138613861 0.07079646017699115 0.08415841584158416
2 0.08628318584070796 0.6757425742574258 0.06637168141592921 0.07425742574257425
2 0.32964601769911506 0.5891089108910891 0.0752212389380531 0.06930693069306931
2 0.8185840707964602 0.36633663366336633 0.061946902654867256 0.0594059405940594
2 0.7522123893805309 0.054455445544554455 0.07964601769911504 0.10891089108910891
2 0.26548672566371684 0.24504950495049505 0.07079646017699115 0.06435643564356436
3 0.6548672566371682 0.6881188118811881 0.05309734513274336 0.06930693069306931
3 0.1902654867256637 0.44801980198019803 0.07079646017699115 0.054455445544554455
3 0.9579646017699115 0.40594059405940597 0.05752212389380531 0.0594059405940594
4 0.1415929203539823 0.2202970297029703 0.05309734513274336 0.06435643564356436
