0 0.5663716814159292 0.2599009900990099 0.08849557522123894 0.08415841584158416
0 0.6438053097345132 0.7376237623762376 0.084070796460177 0.07920792079207921
0 0.8606194690265486 0.3118811881188119 0.084070796460177 0.1188118811881188
1 0.36504424778761063 0.47277227722772275 0.0752212389380531 0.09405940594059406
1 0.22787610619469026 0.9282178217821783 0.0752212389380531 0.11386138613861387
1 0.9048672566371682 0.8341584158415841 0.09292035398230089 0.10396039603960396
1 0.08849557522123894 0.8514851485148515 0.10619469026548672 0.1188118811881188
2 0.17699115044247787 0.14603960396039603 0.061946902654867256 0.07425742574257425
2 0.10176991150442478 0.900990099009901 0.07079646017699115 0.0891089108910891
3 0.37610619469026546 0.16336633663366337 0.07079646017699115 0.09900990099009901
