0 0.665929203539823 0.6584158415841584 0.09292035398230089 0.07920792079207921
1 0.6570796460176991 0.8391089108910891 0.084070796460177 0.09405940594059406
1 0.2721238938053097 0.39851485148514854 0.084070796460177 0.10396039603960396
1 0.8539823008849557 0.6113861386138614 0.07964601769911504 0.09405940594059406
2 0.48672566371681414 0.551980198019802 0.07079646017699115 0.06435643564356436
2 0.6504424778761062 0.9108910891089109 0.07079646017699115 0.09900990099009901
2 0.3805309734513274 0.7054455445544554 0.05309734513274336 0.06435643564356436
2 0.084070796460177 0.21534653465346534 0.07079646017699115 0.10396039603960396
3 0.5575221238938053 0.7103960396039604 0.07964601769911504 0.07425742574257425
3 0.6283185840707964 0.039603960396039604 0.061946902654867256 0.06930693069306931
4 0.07079646017699115 0.6485148514851485 0.08849557522123894 0.07920792079207921
