0 0.17035398230088494 0.6955445544554455 0.10176991150442478 0.10396039603960396
0 0.7654867256637168 0.49504950495049505 0.08849557522123894 0.10891089108910891
0 0.37610619469026546 0.5915841584158416 0.08849557522123894 0.10396039603960396
0 0.9026548672566371 0.3886138613861386 0.08849557522123894 0.08415841584158416
2 0.19247787610619468 0.8242574257425742 0.048672566371681415 0.11386138613861387
3 0.059734513274336286 0.3886138613861386 0.09292035398230089 0.10396039603960396
3 0.9557522123893806 0.48514851485148514 0.05309734513274336 0.06930693069306931
3 0.2323008849557522 0.3589108910891089 0.084070796460177 0.07425742574257425
3 0.6216814159292036 0.8391089108910891 0.0752212389380531 0.07425742574257425
3 0.49336283185840707 0.11633663366336634 0.06637168141592921 0.07425742574257425
