0 0.06415929203539823 0.034653465346534656 0.0752212389380531 0.06930693069306931
0 0.668141592920354 0.09405940594059406 0.08849557522123894 0.06930693069306931
0 0.7477876106194691 0.3811881188118812 0.08849557522123894 0.07920792079207921
0 0.8230088495575221 0.10891089108910891 0.09734513274336283 0.1188118811881188
0 0.415929203539823 0.9331683168316832 0.061946902654867256 0.09405940594059406
3 0.11946902654867257 0.754950495049505 0.061946902654867256 0.09405940594059406
3 0.661504424778761 0.7326732673267327 0.084070796460177 0.0891089108910891
3 0.7566371681415929 0.9207920792079208 0.05309734513274336 0.06930693069306931
3 0.6349557522123894 0.5544554455445545 0.05752212389380531 0.06930693069306931
3 0.21902654867256638 0.4306930693069307 0.05752212389380531 0.0594059405940594
4 0.5066371681415929 0.2202970297029703 0.06637168141592921 0.09405940594059406
