0 0.3141592920353982 0.05693069306930693 0.07079646017699115 0.10396039603960396
0 0.8672566371681416 0.2599009900990099 0.09734513274336283 0.08415841584158416
0 0.25442477876106195 0.5693069306930693 0.10176991150442478 0.06930693069306931
0 0.42920353982300885 0.5222772277227723 0.08849557522123894 0.10396039603960396
0 0.18805309734513273 0.25 0.0752212389380531 0.11386138613861387
1 0.084070796460177 0.7995049504950495 0.07964601769911504 0.08415841584158416
1 0.7743362831858407 0.8168316831683168 0.07964601769911504 0.06930693069306931
1 0.49557522123893805 0.8415841584158416 0.07079646017699115 0.09900990099009901
3 0.5995575221238938 0.4975247524752475 0.084070796460177 0.08415841584158416
3 0.6238938053097345 0.24504950495049505 0.07964601769911504 0.10396039603960396
4 0.5088495575221239 0.8465346534653465 0.061946902654867256 0.0891089108910891
