0 0.7765486725663717 0.7574257425742574 0.084070796460177 0.0891089108910891
1 0.6858407079646017 0.09653465346534654 0.07079646017699115 0.10396039603960396
2 0.6327433628318584 0.4306930693069307 0.07964601769911504 0.06930693069306931
2 0.672566371681416 0.5297029702970297 0.08849557522123894 0.07920792079207921
2 0.05530973451327434 0.3688118811881188 0.06637168141592921 0.10396039603960396
2 0.8473451327433629 0.6287128712871287 0.05752212389380531 0.07920792079207921
3 0.7721238938053098 0.31683168316831684 0.10176991150442478 0.09900990099009901
3 0.05530973451327434 0.3316831683168317 0.084070796460177 0.0594059405940594
3 0.8429203539823009 0.24752475247524752 0.09292035398230089 0.06930693069306931
3 0.4092920353982301 0.7103960396039604 0.06637168141592921 0.054455445544554455
