0 0.07079646017699115 0.15841584158415842 0.061946902654867256 0.0891089108910891
0 0.334070796460177 0.38366336633663367 0.10176991150442478 0.08415841584158416
0 0.17920353982300885 0.3787128712871287 0.084070796460177 0.09405940594059406
0 0.40486725663716816 0.44554455445544555 0.084070796460177 0.07920792079207921
0 0.7632743362831859 0.41089108910891087 0.05752212389380531 0.12871287128712872
1 0.6438053097345132 0.8589108910891089 0.0752212389380531 0.06435643564356436
1 0.046460176991150445 0.29207920792079206 0.06637168141592921 0.07920792079207921
1 0.4424778761061947 0.8712871287128713 0.09734513274336283 0.09900990099009901
1 0.9269911504424779 0.2524752475247525 0.084070796460177 0.1188118811881188
3 0.7831858407079646 0.6707920792079208 0.08849557522123894 0.07425742574257425
4 0.9579646017699115 0.8663366336633663 0.084070796460177 0.0891089108910891
