0 0.6438053097345132 0.5198019801980198 0.09292035398230089 0.09900990099009901
0 0.18584070796460178 0.2722772277227723 0.07079646017699115 0.07920792079207921
0 0.9402654867256637 0.5099009900990099 0.084070796460177 0.07920792079207921
0 0.2610619469026549 0.6732673267326733 0.09734513274336283 0.09900990099009901
1 0.4336283185840708 0.7821782178217822 0.061946902654867256 0.06930693069306931
1 0.6946902654867256 0.6485148514851485 0.07964601769911504 0.10891089108910891
2 0.30973451327433627 0.8935643564356436 0.07079646017699115 0.06435643564356436
3 0.7411504424778761 0.3465346534653465 0.06637168141592921 0.0594059405940594
3 0.9070796460176991 0.5891089108910891 0.061946902654867256 0.09900990099009901
3 0.6039823008849557 0.07920792079207921 0.10176991150442478 0.04950495049504951
