0 0.3075221238938053 0.504950495049505 0.11061946902654868 0.07920792079207921
0 0.8738938053097345 0.29455445544554454 0.10176991150442478 0.09405940594059406
0 0.6172566371681416 0.22277227722772278 0.05752212389380531 0.09900990099009901
0 0.5929203539823009 0.8044554455445545 0.10619469026548672 0.08415841584158416
0 0.08628318584070796 0.5668316831683168 0.0752212389380531 0.08415841584158416
1 0.8252212389380531 0.7648514851485149 0.0752212389380531 0.10396039603960396
1 0.22566371681415928 0.9034653465346535 0.07079646017699115 0.10396039603960396
1 0.5154867256637168 0.1782178217821782 0.10176991150442478 0.07920792079207921
1 0.1415929203539823 0.5717821782178217 0.061946902654867256 0.07425742574257425
1 0.48451327433628316 0.6410891089108911 0.084070796460177 0.08415841584158416
