1 0.6017699115044248 0.905940594059406 0.07964601769911504 0.06930693069306931
2 0.6792035398230089 0.5965346534653465 0.06637168141592921 0.08415841584158416
2 0.7323008849557522 0.7004950495049505 0.05752212389380531 0.07425742574257425
2 0.5353982300884956 0.8935643564356436 0.07079646017699115 0.09405940594059406
2 0.8960176991150443 0.41089108910891087 0.06637168141592921 0.07920792079207921
2 0.8097345132743363 0.7871287128712872 0.07964601769911504 0.07920792079207921
3 0.2942477876106195 0.32425742574257427 0.06637168141592921 0.07425742574257425
3 0.13274336283185842 0.594059405940594 0.08849557522123894 0.06930693069306931
3 0.9358407079646017 0.6608910891089109 0.06637168141592921 0.09405940594059406
3 0.838495575221239 0.5148514851485149 0.09292035398230089 0.0594059405940594
