0 0.5132743362831859 0.25742574257425743 0.07079646017699115 0.07920792079207921
1 0.28982300884955753 0.8910891089108911 0.0752212389380531 0.10891089108910891
1 0.7920353982300885 0.9084158415841584 0.10619469026548672 0.09405940594059406
1 0.4557522123893805 0.6262376237623762 0.08849557522123894 0.08415841584158416
1 0.27876106194690264 0.6905940594059405 0.07079646017699115 0.10396039603960396
2 0.7101769911504425 0.6782178217821783 0.084070796460177 0.07920792079207921
2 0.8252212389380531 0.8118811881188119 0.06637168141592921 0.06930693069306931
2 0.2345132743362832 0.3217821782178218 0.061946902654867256 0.07920792079207921
2 0.6902654867256637 0.35396039603960394 0.061946902654867256 0.08415841584158416
3 0.13053097345132744 0.7524752475247525 0.05752212389380531 0.06930693069306931
