1 0.6902654867256637 0.8910891089108911 0.061946902654867256 0.0891089108910891
1 0.10176991150442478 0.14356435643564355 0.09734513274336283 0.0891089108910891
1 0.7743362831858407 0.556930693069307 0.07964601769911504 0.09405940594059406
1 0.6858407079646017 0.6287128712871287 0.08849557522123894 0.10891089108910891
2 0.21238938053097345 0.11386138613861387 0.07079646017699115 0.0891089108910891
2 0.8738938053097345 0.20297029702970298 0.05752212389380531 0.06930693069306931
2 0.1084070796460177 0.3886138613861386 0.084070796460177 0.08415841584158416
2 0.23672566371681417 0.6633663366336634 0.06637168141592921 0.0891089108910891
2 0.07743362831858407 0.12623762376237624 0.0752212389380531 0.08415841584158416
3 0.06858407079646017 0.6163366336633663 0.0752212389380531 0.07425742574257425
