0 0.25663716814159293 0.3910891089108911 0.07079646017699115 0.09900990099009901
1 0.4092920353982301 0.6683168316831684 0.0752212389380531 0.10891089108910891
1 0.8561946902654868 0.7277227722772277 0.084070796460177 0.09900990099009901
1 0.5641592920353983 0.17574257425742573 0.084070796460177 0.09405940594059406
2 0.75 0.1608910891089109 0.084070796460177 0.08415841584158416
2 0.9070796460176991 0.06930693069306931 0.07079646017699115 0.06930693069306931
2 0.20353982300884957 0.4900990099009901 0.07964601769911504 0.06930693069306931
2 0.5420353982300885 0.6955445544554455 0.09292035398230089 0.09405940594059406
3 0.6747787610619469 0.5618811881188119 0.05752212389380531 0.07425742574257425
3 0.28761061946902655 0.32673267326732675 0.05309734513274336 0.07920792079207921
