0 0.8783185840707964 0.1905940594059406 0.084070796460177 0.11386138613861387
0 0.2831858407079646 0.5643564356435643 0.07964601769911504 0.09900990099009901
0 0.48672566371681414 0.9405940594059405 0.09734513274336283 0.0594059405940594
0 0.2831858407079646 0.45792079207920794 0.061946902654867256 0.09405940594059406
1 0.4004424778761062 0.1806930693069307 0.084070796460177 0.09405940594059406
1 0.07300884955752213 0.8514851485148515 0.084070796460177 0.10891089108910891
2 0.1504424778761062 0.13861386138613863 0.05309734513274336 0.07920792079207921
3 0.745575221238938 0.12376237623762376 0.0752212389380531 0.07920792079207921
3 0.3230088495575221 0.26732673267326734 0.07079646017699115 0.0891089108910891
3 0.048672566371681415 0.7475247524752475 0.08849557522123894 0.07920792079207921
4 0.1084070796460177 0.5742574257425742 0.05752212389380531 0.10891089108910891
