0 0.0752212389380531 0.8960396039603961 0.08849557522123894 0.07920792079207921
1 0.12831858407079647 0.9257425742574258 0.08849557522123894 0.10891089108910891
1 0.16150442477876106 0.12376237623762376 0.0752212389380531 0.0891089108910891
1 0.06858407079646017 0.1905940594059406 0.084070796460177 0.08415841584158416
2 0.5154867256637168 0.18811881188118812 0.0752212389380531 0.0891089108910891
2 0.08628318584070796 0.10891089108910891 0.05752212389380531 0.09900990099009901
2 0.24778761061946902 0.7821782178217822 0.061946902654867256 0.0891089108910891
2 0.47123893805309736 0.054455445544554455 0.06637168141592921 0.09900990099009901
3 0.6349557522123894 0.5767326732673267 0.05752212389380531 0.08415841584158416
3 0.5685840707964602 0.5742574257425742 0.048672566371681415 0.06930693069306931
4 0.18584070796460178 0.7301980198019802 0.07964601769911504 0.09405940594059406
