0 0.6703539823008849 0.6138613861386139 0.0752212389380531 0.09900990099009901
1 0.16371681415929204 0.24752475247524752 0.07079646017699115 0.07920792079207921
2 0.11946902654867257 0.11633663366336634 0.07964601769911504 0.11386138613861387
2 0.4358407079646018 0.1608910891089109 0.030973451327433628 0.09405940594059406
2 0.3407079646017699 0.8960396039603961 0.08849557522123894 0.07920792079207921
2 0.4269911504424779 0.7277227722772277 0.0752212389380531 0.07920792079207921
3 0.07079646017699115 0.28465346534653463 0.061946902654867256 0.06435643564356436
3 0.838495575221239 0.2871287128712871 0.0752212389380531 0.04950495049504951
3 0.5730088495575221 0.849009900990099 0.0752212389380531 0.08415841584158416
3 0.672566371681416 0.34405940594059403 0.061946902654867256 0.054455445544554455
4 0.2920353982300885 0.18811881188118812 0.061946902654867256 0.07920792079207921
