0 0.2721238938053097 0.32673267326732675 0.048672566371681415 0.12871287128712872
2 0.6504424778761062 0.22277227722772278 0.061946902654867256 0.06930693069306931
2 0.9070796460176991 0.5742574257425742 0.061946902654867256 0.09900990099009901
2 0.09955752212389381 0.9306930693069307 0.05752212389380531 0.09900990099009901
2 0.8473451327433629 0.1608910891089109 0.06637168141592921 0.07425742574257425
3 0.415929203539823 0.43564356435643564 0.061946902654867256 0.07920792079207921
3 0.3075221238938053 0.6039603960396039 0.05752212389380531 0.07920792079207921
3 0.49336283185840707 0.10891089108910891 0.06637168141592921 0.07920792079207921
3 0.7035398230088495 0.039603960396039604 0.061946902654867256 0.07920792079207921
3 0.7256637168141593 0.8514851485148515 0.07964601769911504 0.09900990099009901
4 0.7743362831858407 0.5099009900990099 0.061946902654867256 0.07920792079207921
