0 0.22787610619469026 0.4801980198019802 0.10176991150442478 0.10891089108910891
1 0.661504424778761 0.9183168316831684 0.05752212389380531 0.08415841584158416
1 0.6017699115044248 0.7277227722772277 0.09734513274336283 0.07920792079207921
2 0.47345132743362833 0.5866336633663366 0.08849557522123894 0.08415841584158416
2 0.8451327433628318 0.12128712871287128 0.05309734513274336 0.08415841584158416
2 0.32079646017699115 0.594059405940594 0.0752212389380531 0.0891089108910891
2 0.11504424778761062 0.07425742574257425 0.07964601769911504 0.09900990099009901
3 0.42035398230088494 0.9381188118811881 0.061946902654867256 0.08415841584158416
3 0.5309734513274337 0.7698019801980198 0.061946902654867256 0.08415841584158416
3 0.18584070796460178 0.3217821782178218 0.08849557522123894 0.07920792079207921
