0 0.49557522123893805 0.1608910891089109 0.08849557522123894 0.07425742574257425
0 0.252212389380531 0.6732673267326733 0.08849557522123894 0.09900990099009901
0 0.5619469026548672 0.09405940594059406 0.061946902654867256 0.09900990099009901
0 0.2676991150442478 0.7995049504950495 0.084070796460177 0.09405940594059406
0 0.6172566371681416 0.3217821782178218 0.05752212389380531 0.09900990099009901
1 0.12389380530973451 0.31435643564356436 0.07964601769911504 0.08415841584158416
1 0.17699115044247787 0.48267326732673266 0.07964601769911504 0.08415841584158416
1 0.7433628318584071 0.4876237623762376 0.08849557522123894 0.09405940594059406
1 0.6349557522123894 0.5 0.09292035398230089 0.09900990099009901
3 0.15486725663716813 0.5792079207920792 0.07079646017699115 0.0891089108910891
4 0.16371681415929204 0.44554455445544555 0.08849557522123894 0.07920792079207921
