0 0.415929203539823 0.2524752475247525 0.09734513274336283 0.06930693069306931
2 0.5132743362831859 0.6732673267326733 0.07964601769911504 0.07920792079207921
2 0.048672566371681415 0.23514851485148514 0.061946902654867256 0.07425742574257425
2 0.7300884955752213 0.9603960396039604 0.09734513274336283 0.0594059405940594
2 0.9203539823008849 0.5742574257425742 0.07079646017699115 0.0891089108910891
3 0.8893805309734514 0.7698019801980198 0.061946902654867256 0.10396039603960396
3 0.45353982300884954 0.4306930693069307 0.0752212389380531 0.0891089108910891
3 0.7300884955752213 0.6658415841584159 0.07964601769911504 0.08415841584158416
3 0.4889380530973451 0.5420792079207921 0.06637168141592921 0.07425742574257425
3 0.7632743362831859 0.07673267326732673 0.06637168141592921 0.08415841584158416
