0 0.5553097345132744 0.9504950495049505 0.06637168141592921 0.0891089108910891
1 0.27876106194690264 0.693069306930693 0.08849557522123894 0.09900990099009901
2 0.7079646017699115 0.24504950495049505 0.07079646017699115 0.08415841584158416
2 0.8030973451327433 0.8737623762376238 0.06637168141592921 0.07425742574257425
2 0.16150442477876106 0.8118811881188119 0.084070796460177 0.0594059405940594
2 0.6526548672566371 0.33663366336633666 0.06637168141592921 0.07920792079207921
3 0.3672566371681416 0.2896039603960396 0.07964601769911504 0.07425742574257425
3 0.7743362831858407 0.05693069306930693 0.061946902654867256 0.07425742574257425
3 0.21902654867256638 0.5495049504950495 0.06637168141592921 0.07920792079207921
3 0.3473451327433628 0.24257425742574257 0.09292035398230089 0.07920792079207921
