0 0.07300884955752213 0.7722772277227723 0.11061946902654868 0.10891089108910891
0 0.9336283185840708 0.4207920792079208 0.07964601769911504 0.09900990099009901
0 0.5287610619469026 0.8935643564356436 0.06637168141592921 0.07425742574257425
0 0.4446902654867257 0.9504950495049505 0.084070796460177 0.0891089108910891
1 0.4004424778761062 0.13366336633663367 0.09292035398230089 0.09900990099009901
1 0.8606194690265486 0.8143564356435643 0.09292035398230089 0.10396039603960396
1 0.4092920353982301 0.2896039603960396 0.084070796460177 0.06435643564356436
1 0.19247787610619468 0.7301980198019802 0.0752212389380531 0.07425742574257425
2 0.8296460176991151 0.22772277227722773 0.10176991150442478 0.07920792079207921
3 0.834070796460177 0.11386138613861387 0.05752212389380531 0.07920792079207921
