0 0.5619469026548672 0.9084158415841584 0.08849557522123894 0.08415841584158416
0 0.7367256637168141 0.7698019801980198 0.09292035398230089 0.08415841584158416
0 0.1836283185840708 0.11633663366336634 0.084070796460177 0.07425742574257425
0 0.7942477876106194 0.698019801980198 0.09292035398230089 0.07920792079207921
2 0.6814159292035398 0.5123762376237624 0.07964601769911504 0.07425742574257425
3 0.13274336283185842 0.08663366336633663 0.07964601769911504 0.09405940594059406
3 0.9336283185840708 0.11138613861386139 0.08849557522123894 0.09405940594059406
3 0.6969026548672567 0.4381188118811881 0.05752212389380531 0.07425742574257425
3 0.2942477876106195 0.8366336633663366 0.06637168141592921 0.0891089108910891
3 0.672566371681416 0.15594059405940594 0.061946902654867256 0.054455445544554455
