0 0.2676991150442478 0.8044554455445545 0.084070796460177 0.07425742574257425
2 0.24778761061946902 0.25742574257425743 0.07079646017699115 0.0891089108910891
2 0.6305309734513275 0.4603960396039604 0.0752212389380531 0.07920792079207921
2 0.9137168141592921 0.22277227722772278 0.09292035398230089 0.10891089108910891
2 0.5619469026548672 0.4207920792079208 0.05309734513274336 0.07920792079207921
3 0.668141592920354 0.06435643564356436 0.07079646017699115 0.04950495049504951
3 0.745575221238938 0.5024752475247525 0.084070796460177 0.10396039603960396
3 0.4446902654867257 0.054455445544554455 0.06637168141592921 0.09900990099009901
3 0.9424778761061947 0.33910891089108913 0.07079646017699115 0.07425742574257425
3 0.8893805309734514 0.504950495049505 0.07079646017699115 0.07920792079207921
4 0.3561946902654867 0.8935643564356436 0.084070796460177 0.06435643564356436
