0 0.28761061946902655 0.2004950495049505 0.10619469026548672 0.10396039603960396
0 0.2168141592920354 0.75 0.07964601769911504 0.08415841584158416
1 0.3473451327433628 0.25495049504950495 0.0752212389380531 0.09405940594059406
2 0.5929203539823009 0.3292079207920792 0.07964601769911504 0.08415841584158416
2 0.8694690265486725 0.8638613861386139 0.09292035398230089 0.10396039603960396
2 0.17699115044247787 0.349009900990099 0.07964601769911504 0.09405940594059406
3 0.8495575221238938 0.8316831683168316 0.07079646017699115 0.0594059405940594
3 0.39601769911504425 0.75 0.048672566371681415 0.054455445544554455
3 0.6504424778761062 0.21287128712871287 0.04424778761061947 0.06930693069306931
3 0.39601769911504425 0.4034653465346535 0.06637168141592921 0.07425742574257425
4 0.5995575221238938 0.18316831683168316 0.084070796460177 0.07920792079207921
