0 0.24557522123893805 0.45792079207920794 0.09292035398230089 0.10396039603960396
0 0.8827433628318584 0.849009900990099 0.0752212389380531 0.10396039603960396
1 0.15265486725663716 0.8465346534653465 0.0752212389380531 0.09900990099009901
1 0.5730088495575221 0.28465346534653463 0.0752212389380531 0.08415841584158416
1 0.20575221238938052 0.1188118811881188 0.10176991150442478 0.0891089108910891
1 0.7853982300884956 0.45792079207920794 0.084070796460177 0.08415841584158416
1 0.37610619469026546 0.948019801980198 0.09734513274336283 0.08415841584158416
2 0.5530973451327433 0.9529702970297029 0.07964601769911504 0.07425742574257425
2 0.7853982300884956 0.6856435643564357 0.0752212389380531 0.08415841584158416
2 0.05752212389380531 0.4777227722772277 0.09734513274336283 0.08415841584158416
