2 0.2411504424778761 0.3886138613861386 0.05752212389380531 0.07425742574257425
2 0.44026548672566373 0.13861386138613863 0.09292035398230089 0.09900990099009901
2 0.08628318584070796 0.4207920792079208 0.05752212389380531 0.0891089108910891
2 0.5420353982300885 0.6608910891089109 0.09292035398230089 0.07425742574257425
2 0.6991150442477876 0.754950495049505 0.07964601769911504 0.11386138613861387
3 0.6216814159292036 0.6336633663366337 0.05752212389380531 0.0891089108910891
3 0.9535398230088495 0.38613861386138615 0.05752212389380531 0.07920792079207921
3 0.12831858407079647 0.6212871287128713 0.061946902654867256 0.08415841584158416
3 0.8030973451327433 0.9306930693069307 0.06637168141592921 0.07920792079207921
3 0.9601769911504425 0.5495049504950495 0.07079646017699115 0.0891089108910891
