0 0.5353982300884956 0.9504950495049505 0.07079646017699115 0.09900990099009901
0 0.07300884955752213 0.7376237623762376 0.084070796460177 0.1188118811881188
0 0.3938053097345133 0.06683168316831684 0.08849557522123894 0.08415841584158416
2 0.5088495575221239 0.44801980198019803 0.07964601769911504 0.08415841584158416
2 0.7101769911504425 0.9232673267326733 0.048672566371681415 0.08415841584158416
3 0.2676991150442478 0.1188118811881188 0.03982300884955752 0.07920792079207921
3 0.8097345132743363 0.21782178217821782 0.07079646017699115 0.06930693069306931
3 0.5597345132743363 0.2995049504950495 0.084070796460177 0.08415841584158416
3 0.8008849557522124 0.5643564356435643 0.07079646017699115 0.0891089108910891
3 0.5553097345132744 0.8613861386138614 0.06637168141592921 0.0891089108910891
4 0.7079646017699115 0.9232673267326733 0.04424778761061947 0.08415841584158416
