0 0.7190265486725663 0.6138613861386139 0.084070796460177 0.0891089108910891
0 0.6349557522123894 0.6188118811881188 0.0752212389380531 0.0891089108910891
0 0.7234513274336283 0.9034653465346535 0.084070796460177 0.08415841584158416
0 0.5154867256637168 0.30198019801980197 0.10176991150442478 0.1188118811881188
1 0.5530973451327433 0.38366336633663367 0.07079646017699115 0.10396039603960396
1 0.29646017699115046 0.14356435643564355 0.08849557522123894 0.09900990099009901
1 0.31194690265486724 0.21287128712871287 0.084070796460177 0.07920792079207921
1 0.6261061946902655 0.3811881188118812 0.084070796460177 0.0891089108910891
2 0.6836283185840708 0.5 0.09292035398230089 0.0891089108910891
3 0.13938053097345132 0.3316831683168317 0.06637168141592921 0.0594059405940594
