0 0.8075221238938053 0.4282178217821782 0.10176991150442478 0.07425742574257425
0 0.3938053097345133 0.29455445544554454 0.08849557522123894 0.09405940594059406
0 0.22787610619469026 0.16336633663366337 0.05752212389380531 0.09900990099009901
0 0.6924778761061947 0.2202970297029703 0.05752212389380531 0.07425742574257425
0 0.1747787610619469 0.9133663366336634 0.0752212389380531 0.11386138613861387
1 0.6792035398230089 0.5198019801980198 0.0752212389380531 0.09900990099009901
3 0.6946902654867256 0.4282178217821782 0.07079646017699115 0.07425742574257425
3 0.15265486725663716 0.7599009900990099 0.06637168141592921 0.08415841584158416
3 0.5575221238938053 0.2004950495049505 0.04424778761061947 0.07425742574257425
3 0.46017699115044247 0.7920792079207921 0.09734513274336283 0.06930693069306931
4 0.4469026548672566 0.09158415841584158 0.07079646017699115 0.07425742574257425
