0 0.7411504424778761 0.3935643564356436 0.084070796460177 0.08415841584158416
0 0.5 0.3688118811881188 0.09734513274336283 0.09405940594059406
1 0.8672566371681416 0.8564356435643564 0.08849557522123894 0.0891089108910891
1 0.8561946902654868 0.6683168316831684 0.0752212389380531 0.06930693069306931
1 0.47345132743362833 0.8465346534653465 0.07964601769911504 0.0891089108910891
2 0.7057522123893806 0.594059405940594 0.06637168141592921 0.09900990099009901
2 0.413716814159292 0.3292079207920792 0.0752212389380531 0.11386138613861387
2 0.4889380530973451 0.9504950495049505 0.06637168141592921 0.07920792079207921
3 0.4646017699115044 0.3935643564356436 0.08849557522123894 0.07425742574257425
3 0.4668141592920354 0.5396039603960396 0.09292035398230089 0.0891089108910891
4 0.9269911504424779 0.06188118811881188 0.0752212389380531 0.08415841584158416
