0 0.084070796460177 0.4034653465346535 0.08849557522123894 0.10396039603960396
0 0.918141592920354 0.32673267326732675 0.084070796460177 0.09900990099009901
1 0.10398230088495575 0.1806930693069307 0.084070796460177 0.11386138613861387
1 0.19469026548672566 0.3292079207920792 0.07964601769911504 0.07425742574257425
1 0.41814159292035397 0.47277227722772275 0.084070796460177 0.09405940594059406
1 0.4004424778761062 0.3811881188118812 0.0752212389380531 0.07920792079207921
1 0.7323008849557522 0.5544554455445545 0.06637168141592921 0.10891089108910891
2 0.4756637168141593 0.905940594059406 0.0752212389380531 0.0891089108910891
2 0.8938053097345132 0.21287128712871287 0.07964601769911504 0.0891089108910891
2 0.9092920353982301 0.5891089108910891 0.05752212389380531 0.10891089108910891
4 0.7079646017699115 0.9084158415841584 0.07079646017699115 0.07425742574257425
