0 0.8561946902654868 0.04455445544554455 0.09292035398230089 0.07920792079207921
0 0.5707964601769911 0.8366336633663366 0.08849557522123894 0.07920792079207921
2 0.10176991150442478 0.7202970297029703 0.07079646017699115 0.07425742574257425
2 0.17920353982300885 0.5396039603960396 0.06637168141592921 0.0891089108910891
2 0.9601769911504425 0.13613861386138615 0.07079646017699115 0.08415841584158416
3 0.9004424778761062 0.35396039603960394 0.06637168141592921 0.054455445544554455
3 0.497787610619469 0.7623762376237624 0.06637168141592921 0.06930693069306931
3 0.29646017699115046 0.26485148514851486 0.061946902654867256 0.06435643564356436
3 0.12168141592920353 0.5816831683168316 0.09292035398230089 0.08415841584158416
3 0.1836283185840708 0.3688118811881188 0.0752212389380531 0.11386138613861387
4 0.4579646017699115 0.8316831683168316 0.06637168141592921 0.07920792079207921
