0 0.45132743362831856 0.504950495049505 0.07964601769911504 0.1188118811881188
0 0.47123893805309736 0.4801980198019802 0.084070796460177 0.07920792079207921
0 0.3274336283185841 0.30198019801980197 0.08849557522123894 0.07920792079207921
0 0.8407079646017699 0.7351485148514851 0.08849557522123894 0.12376237623762376
1 0.588495575221239 0.9282178217821783 0.061946902654867256 0.07425742574257425
1 0.5707964601769911 0.25742574257425743 0.08849557522123894 0.06930693069306931
1 0.31194690265486724 0.4876237623762376 0.09292035398230089 0.06435643564356436
1 0.6814159292035398 0.24752475247524752 0.10619469026548672 0.06930693069306931
1 0.6747787610619469 0.8638613861386139 0.10176991150442478 0.10396039603960396
2 0.7898230088495575 0.3069306930693069 0.0752212389380531 0.07920792079207921
4 0.5088495575221239 0.12128712871287128 0.07964601769911504 0.08415841584158416
