0 0.5619469026548672 0.3341584158415842 0.08849557522123894 0.08415841584158416
1 0.084070796460177 0.7029702970297029 0.07079646017699115 0.07920792079207921
1 0.42035398230088494 0.3465346534653465 0.07079646017699115 0.06930693069306931
1 0.5685840707964602 0.806930693069307 0.10176991150442478 0.0891089108910891
1 0.1747787610619469 0.14356435643564355 0.10176991150442478 0.07920792079207921
1 0.6017699115044248 0.5495049504950495 0.07964601769911504 0.10891089108910891
2 0.6460176991150443 0.2747524752475248 0.08849557522123894 0.07425742574257425
2 0.5508849557522124 0.5321782178217822 0.0752212389380531 0.08415841584158416
2 0.1415929203539823 0.5074257425742574 0.07079646017699115 0.07425742574257425
2 0.40707964601769914 0.3787128712871287 0.10619469026548672 0.09405940594059406
4 0.20353982300884957 0.9232673267326733 0.10619469026548672 0.10396039603960396
