0 0.3473451327433628 0.8242574257425742 0.09292035398230089 0.08415841584158416
0 0.1902654867256637 0.2202970297029703 0.07964601769911504 0.09405940594059406
1 0.745575221238938 0.3811881188118812 0.0752212389380531 0.0891089108910891
1 0.9070796460176991 0.6311881188118812 0.07964601769911504 0.09405940594059406
1 0.6969026548672567 0.1905940594059406 0.0752212389380531 0.11386138613861387
1 0.8783185840707964 0.7079207920792079 0.084070796460177 0.09900990099009901
2 0.665929203539823 0.29455445544554454 0.09292035398230089 0.08415841584158416
2 0.16150442477876106 0.47029702970297027 0.084070796460177 0.0891089108910891
2 0.08185840707964602 0.5618811881188119 0.06637168141592921 0.06435643564356436
3 0.04424778761061947 0.10148514851485149 0.08849557522123894 0.06435643564356436
4 0.05088495575221239 0.22772277227722773 0.06637168141592921 0.1188118811881188
