0 0.45353982300884954 0.551980198019802 0.09292035398230089 0.08415841584158416
0 0.838495575221239 0.8341584158415841 0.10176991150442478 0.08415841584158416
0 0.19690265486725664 0.3688118811881188 0.09292035398230089 0.08415841584158416
1 0.03982300884955752 0.7896039603960396 0.07964601769911504 0.11386138613861387
1 0.22123893805309736 0.6361386138613861 0.07964601769911504 0.09405940594059406
2 0.9247787610619469 0.27722772277227725 0.07079646017699115 0.09900990099009901
2 0.6438053097345132 0.3564356435643564 0.06637168141592921 0.07920792079207921
3 0.8650442477876106 0.4603960396039604 0.06637168141592921 0.04950495049504951
3 0.11946902654867257 0.7252475247524752 0.07079646017699115 0.06435643564356436
3 0.13495575221238937 0.17326732673267325 0.05752212389380531 0.07920792079207921
4 0.18584070796460178 0.6955445544554455 0.07079646017699115 0.08415841584158416
