0 0.8871681415929203 0.07673267326732673 0.06637168141592921 0.09405940594059406
0 0.5265486725663717 0.8514851485148515 0.07079646017699115 0.09900990099009901
0 0.5951327433628318 0.04702970297029703 0.10176991150442478 0.09405940594059406
1 0.415929203539823 0.13613861386138615 0.07079646017699115 0.08415841584158416
2 0.10398230088495575 0.46782178217821785 0.06637168141592921 0.08415841584158416
2 0.8429203539823009 0.556930693069307 0.084070796460177 0.10396039603960396
3 0.47345132743362833 0.07178217821782178 0.07964601769911504 0.07425742574257425
3 0.3075221238938053 0.9133663366336634 0.06637168141592921 0.07425742574257425
3 0.5486725663716814 0.6039603960396039 0.07079646017699115 0.0891089108910891
3 0.6548672566371682 0.04950495049504951 0.07964601769911504 0.0891089108910891
4 0.2323008849557522 0.9207920792079208 0.06637168141592921 0.09900990099009901
