0 0.6880530973451328 0.6955445544554455 0.084070796460177 0.11386138613861387
0 0.834070796460177 0.31435643564356436 0.084070796460177 0.08415841584158416
1 0.05088495575221239 0.4900990099009901 0.0752212389380531 0.06930693069306931
1 0.11946902654867257 0.693069306930693 0.061946902654867256 0.09900990099009901
1 0.41150442477876104 0.1188118811881188 0.07964601769911504 0.07920792079207921
1 0.2234513274336283 0.21534653465346534 0.06637168141592921 0.10396039603960396
2 0.3915929203539823 0.900990099009901 0.05752212389380531 0.06930693069306931
2 0.12168141592920353 0.6831683168316832 0.0752212389380531 0.07920792079207921
2 0.0752212389380531 0.5371287128712872 0.061946902654867256 0.08415841584158416
3 0.6039823008849557 0.7153465346534653 0.03982300884955752 0.07425742574257425
