0 0.7809734513274337 0.13613861386138615 0.0752212389380531 0.10396039603960396
1 0.7013274336283186 0.10396039603960396 0.0752212389380531 0.10891089108910891
1 0.336283185840708 0.8391089108910891 0.061946902654867256 0.08415841584158416
1 0.6991150442477876 0.17326732673267325 0.09734513274336283 0.06930693069306931
2 0.3141592920353982 0.49257425742574257 0.08849557522123894 0.07425742574257425
2 0.7566371681415929 0.21782178217821782 0.061946902654867256 0.06930693069306931
2 0.47123893805309736 0.7425742574257426 0.084070796460177 0.07920792079207921
2 0.8827433628318584 0.2400990099009901 0.10176991150442478 0.08415841584158416
3 0.1836283185840708 0.35396039603960394 0.084070796460177 0.054455445544554455
3 0.3606194690265487 0.9158415841584159 0.0752212389380531 0.0891089108910891
4 0.5022123893805309 0.5247524752475248 0.09292035398230089 0.0891089108910891
