0 0.7035398230088495 0.8267326732673267 0.07964601769911504 0.1188118811881188
1 0.9092920353982301 0.14356435643564355 0.09292035398230089 0.09900990099009901
1 0.497787610619469 0.32425742574257427 0.0752212389380531 0.11386138613861387
2 0.6747787610619469 0.5668316831683168 0.0752212389380531 0.08415841584158416
2 0.8119469026548672 0.8094059405940595 0.09292035398230089 0.054455445544554455
2 0.7256637168141593 0.5123762376237624 0.04424778761061947 0.09405940594059406
2 0.06858407079646017 0.7673267326732673 0.084070796460177 0.07920792079207921
3 0.16150442477876106 0.20297029702970298 0.03982300884955752 0.04950495049504951
3 0.7566371681415929 0.05693069306930693 0.05309734513274336 0.09405940594059406
3 0.6261061946902655 0.6188118811881188 0.084070796460177 0.0891089108910891
4 0.5730088495575221 0.42326732673267325 0.0752212389380531 0.09405940594059406
