0 0.26327433628318586 0.2004950495049505 0.06637168141592921 0.10396039603960396
0 0.8694690265486725 0.844059405940594 0.0752212389380531 0.09405940594059406
0 0.4889380530973451 0.5420792079207921 0.0752212389380531 0.08415841584158416
0 0.9247787610619469 0.23267326732673269 0.07079646017699115 0.09900990099009901
2 0.7809734513274337 0.7202970297029703 0.06637168141592921 0.09405940594059406
3 0.3606194690265487 0.5247524752475248 0.084070796460177 0.06930693069306931
3 0.6371681415929203 0.03217821782178218 0.061946902654867256 0.06435643564356436
3 0.07743362831858407 0.31435643564356436 0.0752212389380531 0.08415841584158416
3 0.49557522123893805 0.38366336633663367 0.04424778761061947 0.07425742574257425
3 0.3672566371681416 0.5841584158415841 0.061946902654867256 0.07920792079207921
