0 0.07300884955752213 0.09158415841584158 0.084070796460177 0.09405940594059406
0 0.35398230088495575 0.9158415841584159 0.08849557522123894 0.09900990099009901
0 0.46238938053097345 0.12623762376237624 0.0752212389380531 0.06435643564356436
0 0.7787610619469026 0.31435643564356436 0.08849557522123894 0.10396039603960396
1 0.15486725663716813 0.7920792079207921 0.09734513274336283 0.0891089108910891
1 0.37831858407079644 0.2400990099009901 0.084070796460177 0.08415841584158416
2 0.5486725663716814 0.5346534653465347 0.07079646017699115 0.09900990099009901
3 0.168141592920354 0.19306930693069307 0.061946902654867256 0.09900990099009901
3 0.2721238938053097 0.19554455445544555 0.0752212389380531 0.08415841584158416
3 0.5973451327433629 0.48514851485148514 0.07079646017699115 0.0594059405940594
