0 0.1902654867256637 0.42574257425742573 0.08849557522123894 0.07920792079207921
0 0.11504424778761062 0.09158415841584158 0.08849557522123894 0.08415841584158416
0 0.6814159292035398 0.9405940594059405 0.07964601769911504 0.09900990099009901
0 0.6880530973451328 0.4282178217821782 0.084070796460177 0.09405940594059406
0 0.41150442477876104 0.3292079207920792 0.07964601769911504 0.08415841584158416
1 0.5796460176991151 0.4084158415841584 0.09734513274336283 0.11386138613861387
3 0.21238938053097345 0.39851485148514854 0.08849557522123894 0.054455445544554455
3 0.4579646017699115 0.3465346534653465 0.05752212389380531 0.0594059405940594
3 0.8141592920353983 0.17326732673267325 0.08849557522123894 0.09900990099009901
3 0.6084070796460177 0.698019801980198 0.06637168141592921 0.0891089108910891
