1 0.18584070796460178 0.2698019801980198 0.07079646017699115 0.10396039603960396
2 0.6261061946902655 0.849009900990099 0.09292035398230089 0.07425742574257425
2 0.7212389380530974 0.7747524752475248 0.07079646017699115 0.08415841584158416
2 0.5973451327433629 0.6188118811881188 0.05309734513274336 0.0594059405940594
2 0.1261061946902655 0.47277227722772275 0.06637168141592921 0.10396039603960396
2 0.8429203539823009 0.5396039603960396 0.0752212389380531 0.0891089108910891
3 0.9446902654867256 0.5495049504950495 0.0752212389380531 0.07920792079207921
3 0.9690265486725663 0.6732673267326733 0.05309734513274336 0.07920792079207921
3 0.17920353982300885 0.1188118811881188 0.05752212389380531 0.04950495049504951
3 0.7920353982300885 0.7326732673267327 0.08849557522123894 0.0594059405940594
4 0.39823008849557523 0.23514851485148514 0.07079646017699115 0.07425742574257425
