0 0.7986725663716814 0.5 0.084070796460177 0.10891089108910891
0 0.09955752212389381 0.5222772277227723 0.084070796460177 0.10396039603960396
0 0.4092920353982301 0.44554455445544555 0.10176991150442478 0.0891089108910891
0 0.4336283185840708 0.6905940594059405 0.05309734513274336 0.10396039603960396
0 0.49557522123893805 0.1782178217821782 0.07079646017699115 0.07920792079207921
1 0.8871681415929203 0.3094059405940594 0.09292035398230089 0.10396039603960396
1 0.8008849557522124 0.10148514851485149 0.08849557522123894 0.11386138613861387
1 0.41814159292035397 0.16584158415841585 0.0752212389380531 0.11386138613861387
3 0.9623893805309734 0.06683168316831684 0.048672566371681415 0.08415841584158416
3 0.3008849557522124 0.08415841584158416 0.05309734513274336 0.0891089108910891
4 0.6592920353982301 0.2301980198019802 0.07964601769911504 0.06435643564356436
