0 0.4778761061946903 0.9356435643564357 0.07079646017699115 0.06930693069306931
0 0.5553097345132744 0.44801980198019803 0.06637168141592921 0.11386138613861387
0 0.21017699115044247 0.15346534653465346 0.10176991150442478 0.0891089108910891
1 0.13716814159292035 0.7821782178217822 0.08849557522123894 0.0891089108910891
1 0.6128318584070797 0.5024752475247525 0.084070796460177 0.08415841584158416
1 0.1592920353982301 0.7425742574257426 0.08849557522123894 0.0891089108910891
1 0.7654867256637168 0.03217821782178218 0.061946902654867256 0.06435643564356436
2 0.831858407079646 0.15594059405940594 0.07964601769911504 0.07425742574257425
2 0.6548672566371682 0.6188118811881188 0.05309734513274336 0.06930693069306931
3 0.3672566371681416 0.1782178217821782 0.07079646017699115 0.0594059405940594
