0 0.8141592920353983 0.452970297029703 0.07079646017699115 0.10396039603960396
0 0.9446902654867256 0.5321782178217822 0.084070796460177 0.11386138613861387
0 0.8650442477876106 0.452970297029703 0.0752212389380531 0.10396039603960396
2 0.05309734513274336 0.2871287128712871 0.07079646017699115 0.0594059405940594
2 0.6238938053097345 0.3094059405940594 0.07079646017699115 0.06435643564356436
3 0.2345132743362832 0.29455445544554454 0.061946902654867256 0.09405940594059406
3 0.22123893805309736 0.33910891089108913 0.07079646017699115 0.11386138613861387
3 0.9380530973451328 0.36386138613861385 0.07079646017699115 0.09405940594059406
3 0.25663716814159293 0.05198019801980198 0.061946902654867256 0.09405940594059406
3 0.8938053097345132 0.4034653465346535 0.07964601769911504 0.08415841584158416
