0 0.15265486725663716 0.400990099009901 0.09292035398230089 0.10891089108910891
0 0.6061946902654868 0.5841584158415841 0.08849557522123894 0.0891089108910891
0 0.29867256637168144 0.19801980198019803 0.09292035398230089 0.10891089108910891
0 0.6238938053097345 0.8886138613861386 0.09734513274336283 0.08415841584158416
0 0.2234513274336283 0.3094059405940594 0.09292035398230089 0.08415841584158416
1 0.413716814159292 0.13861386138613863 0.084070796460177 0.09900990099009901
1 0.7190265486725663 0.4777227722772277 0.084070796460177 0.09405940594059406
1 0.25663716814159293 0.39603960396039606 0.08849557522123894 0.0891089108910891
3 0.5508849557522124 0.8217821782178217 0.09292035398230089 0.06930693069306931
3 0.7920353982300885 0.8737623762376238 0.07079646017699115 0.09405940594059406
