0 0.9535398230088495 0.20297029702970298 0.05752212389380531 0.10891089108910891
2 0.2079646017699115 0.16831683168316833 0.09734513274336283 0.1188118811881188
2 0.26991150442477874 0.5693069306930693 0.07079646017699115 0.0594059405940594
2 0.8407079646017699 0.5247524752475248 0.07964601769911504 0.0594059405940594
2 0.497787610619469 0.7623762376237624 0.06637168141592921 0.0594059405940594
3 0.831858407079646 0.5767326732673267 0.07079646017699115 0.08415841584158416
3 0.9203539823008849 0.8217821782178217 0.07964601769911504 0.06930693069306931
3 0.6902654867256637 0.45792079207920794 0.061946902654867256 0.08415841584158416
3 0.5176991150442478 0.44801980198019803 0.061946902654867256 0.08415841584158416
3 0.3938053097345133 0.5742574257425742 0.04424778761061947 0.0891089108910891
4 0.9469026548672567 0.49504950495049505 0.061946902654867256 0.0891089108910891
