0 0.5331858407079646 0.7574257425742574 0.10176991150442478 0.0891089108910891
1 0.838495575221239 0.07673267326732673 0.0752212389380531 0.09405940594059406
2 0.34513274336283184 0.8168316831683168 0.07079646017699115 0.0891089108910891
2 0.42035398230088494 0.5420792079207921 0.07964601769911504 0.07425742574257425
2 0.3407079646017699 0.8787128712871287 0.07964601769911504 0.09405940594059406
2 0.5597345132743363 0.6782178217821783 0.0752212389380531 0.06930693069306931
3 0.06858407079646017 0.28465346534653463 0.09292035398230089 0.09405940594059406
3 0.5730088495575221 0.8316831683168316 0.0752212389380531 0.07920792079207921
3 0.6438053097345132 0.3292079207920792 0.03982300884955752 0.054455445544554455
3 0.8362831858407079 0.849009900990099 0.04424778761061947 0.08415841584158416
4 0.059734513274336286 0.8143564356435643 0.084070796460177 0.09405940594059406
