2 0.5486725663716814 0.26485148514851486 0.05309734513274336 0.08415841584158416
2 0.5022123893805309 0.039603960396039604 0.0752212389380531 0.07920792079207921
2 0.7101769911504425 0.14603960396039603 0.09292035398230089 0.10396039603960396
2 0.09955752212389381 0.27722772277227725 0.0752212389380531 0.0594059405940594
2 0.7411504424778761 0.04455445544554455 0.0752212389380531 0.07920792079207921
3 0.7190265486725663 0.7301980198019802 0.06637168141592921 0.08415841584158416
3 0.1592920353982301 0.44554455445544555 0.061946902654867256 0.07920792079207921
3 0.5110619469026548 0.22524752475247525 0.0752212389380531 0.08415841584158416
3 0.47123893805309736 0.42574257425742573 0.0752212389380531 0.0891089108910891
3 0.10398230088495575 0.8688118811881188 0.06637168141592921 0.054455445544554455
