0 0.7942477876106194 0.31683168316831684 0.10176991150442478 0.10891089108910891
0 0.5442477876106194 0.07920792079207921 0.10619469026548672 0.09900990099009901
0 0.8008849557522124 0.33663366336633666 0.07964601769911504 0.07920792079207921
1 0.24778761061946902 0.08415841584158416 0.07079646017699115 0.0891089108910891
2 0.26991150442477874 0.3341584158415842 0.07964601769911504 0.09405940594059406
2 0.6703539823008849 0.7153465346534653 0.0752212389380531 0.08415841584158416
3 0.3893805309734513 0.3564356435643564 0.07964601769911504 0.09900990099009901
3 0.7234513274336283 0.9306930693069307 0.06637168141592921 0.0891089108910891
3 0.4424778761061947 0.09900990099009901 0.04424778761061947 0.06930693069306931
3 0.3473451327433628 0.400990099009901 0.06637168141592921 0.06930693069306931
