0 0.28761061946902655 0.3292079207920792 0.08849557522123894 0.10396039603960396
1 0.8628318584070797 0.2722772277227723 0.10619469026548672 0.10891089108910891
1 0.8606194690265486 0.06435643564356436 0.09292035398230089 0.10891089108910891
2 0.35176991150442477 0.3935643564356436 0.084070796460177 0.07425742574257425
2 0.18141592920353983 0.5693069306930693 0.05309734513274336 0.09900990099009901
2 0.9358407079646017 0.3415841584158416 0.0752212389380531 0.0891089108910891
2 0.7433628318584071 0.5742574257425742 0.07964601769911504 0.06930693069306931
3 0.22566371681415928 0.6955445544554455 0.07079646017699115 0.08415841584158416
3 0.9314159292035398 0.6311881188118812 0.09292035398230089 0.07425742574257425
3 0.5796460176991151 0.6064356435643564 0.07079646017699115 0.08415841584158416
