0 0.9048672566371682 0.6386138613861386 0.0752212389380531 0.10891089108910891
0 0.39823008849557523 0.3094059405940594 0.061946902654867256 0.08415841584158416
0 0.19911504424778761 0.6806930693069307 0.05309734513274336 0.12376237623762376
0 0.9424778761061947 0.5717821782178217 0.08849557522123894 0.10396039603960396
1 0.41150442477876104 0.5965346534653465 0.061946902654867256 0.09405940594059406
1 0.7876106194690266 0.45544554455445546 0.061946902654867256 0.07920792079207921
1 0.5066371681415929 0.2722772277227723 0.0752212389380531 0.0594059405940594
1 0.9070796460176991 0.28217821782178215 0.07964601769911504 0.09900990099009901
2 0.15486725663716813 0.18811881188118812 0.07079646017699115 0.0891089108910891
3 0.7765486725663717 0.08415841584158416 0.03982300884955752 0.04950495049504951
