0 0.5730088495575221 0.3069306930693069 0.06637168141592921 0.0891089108910891
0 0.9358407079646017 0.08663366336633663 0.0752212389380531 0.10396039603960396
0 0.3230088495575221 0.8193069306930693 0.10619469026548672 0.08415841584158416
1 0.45132743362831856 0.25495049504950495 0.09734513274336283 0.08415841584158416
1 0.37831858407079644 0.900990099009901 0.0752212389380531 0.07920792079207921
1 0.336283185840708 0.8737623762376238 0.07964601769911504 0.08415841584158416
1 0.4314159292035398 0.3341584158415842 0.084070796460177 0.07425742574257425
2 0.7477876106194691 0.44801980198019803 0.07964601769911504 0.07425742574257425
2 0.6128318584070797 0.9158415841584159 0.0752212389380531 0.0891089108910891
3 0.2610619469026549 0.1608910891089109 0.07964601769911504 0.08415841584158416
4 0.37168141592920356 0.5024752475247525 0.07964601769911504 0.09405940594059406
