0 0.11283185840707964 0.27722772277227725 0.084070796460177 0.0891089108910891
0 0.9535398230088495 0.9381188118811881 0.084070796460177 0.09405940594059406
1 0.23008849557522124 0.2103960396039604 0.07964601769911504 0.09405940594059406
1 0.3584070796460177 0.844059405940594 0.08849557522123894 0.09405940594059406
1 0.16150442477876106 0.2871287128712871 0.09292035398230089 0.12871287128712872
1 0.08628318584070796 0.11138613861386139 0.0752212389380531 0.07425742574257425
1 0.4358407079646018 0.5297029702970297 0.0752212389380531 0.09900990099009901
2 0.05088495575221239 0.7301980198019802 0.09292035398230089 0.09405940594059406
2 0.3030973451327434 0.3217821782178218 0.05752212389380531 0.09900990099009901
2 0.6327433628318584 0.7797029702970297 0.07964601769911504 0.06435643564356436
