0 0.3230088495575221 0.4628712871287129 0.07964601769911504 0.09405940594059406
0 0.1415929203539823 0.3688118811881188 0.07964601769911504 0.11386138613861387
0 0.9137168141592921 0.12871287128712872 0.084070796460177 0.1188118811881188
0 0.26548672566371684 0.5272277227722773 0.09734513274336283 0.10396039603960396
1 0.8296460176991151 0.3069306930693069 0.0752212389380531 0.0891089108910891
2 0.3252212389380531 0.3118811881188119 0.06637168141592921 0.09900990099009901
3 0.7831858407079646 0.6113861386138614 0.07964601769911504 0.06435643564356436
3 0.5508849557522124 0.5965346534653465 0.06637168141592921 0.07425742574257425
3 0.08849557522123894 0.13861386138613863 0.07079646017699115 0.07920792079207921
3 0.6460176991150443 0.4900990099009901 0.07079646017699115 0.0594059405940594
4 0.3473451327433628 0.11386138613861387 0.10176991150442478 0.10891089108910891
