0 0.6991150442477876 0.7475247524752475 0.08849557522123894 0.0891089108910891
0 0.8716814159292036 0.8465346534653465 0.07964601769911504 0.09900990099009901
1 0.5907079646017699 0.05693069306930693 0.09292035398230089 0.09405940594059406
2 0.827433628318584 0.9381188118811881 0.08849557522123894 0.09405940594059406
2 0.5619469026548672 0.3069306930693069 0.08849557522123894 0.0594059405940594
2 0.35176991150442477 0.8613861386138614 0.06637168141592921 0.0891089108910891
3 0.10398230088495575 0.15346534653465346 0.06637168141592921 0.04950495049504951
3 0.668141592920354 0.9257425742574258 0.07964601769911504 0.0891089108910891
3 0.08849557522123894 0.8663366336633663 0.07079646017699115 0.0891089108910891
3 0.668141592920354 0.452970297029703 0.08849557522123894 0.07425742574257425
