0 0.8783185840707964 0.3341584158415842 0.10176991150442478 0.07425742574257425
0 0.5663716814159292 0.4975247524752475 0.07964601769911504 0.06435643564356436
0 0.6128318584070797 0.7153465346534653 0.084070796460177 0.10396039603960396
0 0.29646017699115046 0.8663366336633663 0.09734513274336283 0.10891089108910891
1 0.7477876106194691 0.599009900990099 0.061946902654867256 0.10891089108910891
2 0.5176991150442478 0.23267326732673269 0.07079646017699115 0.06930693069306931
3 0.8672566371681416 0.15594059405940594 0.10619469026548672 0.07425742574257425
3 0.6172566371681416 0.7945544554455446 0.0752212389380531 0.08415841584158416
3 0.5176991150442478 0.10396039603960396 0.07964601769911504 0.04950495049504951
3 0.3075221238938053 0.8292079207920792 0.0752212389380531 0.08415841584158416
4 0.672566371681416 0.4084158415841584 0.07079646017699115 0.09405940594059406
