0 0.2168141592920354 0.3341584158415842 0.11504424778761062 0.08415841584158416
0 0.4911504424778761 0.42326732673267325 0.07964601769911504 0.07425742574257425
1 0.6150442477876106 0.7227722772277227 0.10619469026548672 0.09900990099009901
1 0.497787610619469 0.6064356435643564 0.084070796460177 0.08415841584158416
1 0.8451327433628318 0.12623762376237624 0.07964601769911504 0.08415841584158416
1 0.6216814159292036 0.801980198019802 0.05752212389380531 0.10891089108910891
2 0.27654867256637167 0.3217821782178218 0.084070796460177 0.07920792079207921
2 0.6991150442477876 0.8316831683168316 0.07079646017699115 0.07920792079207921
2 0.5464601769911505 0.4084158415841584 0.06637168141592921 0.07425742574257425
3 0.6814159292035398 0.7648514851485149 0.07079646017699115 0.09405940594059406
