0 0.9380530973451328 0.36386138613861385 0.09734513274336283 0.09405940594059406
1 0.5066371681415929 0.7301980198019802 0.09292035398230089 0.10396039603960396
2 0.7831858407079646 0.7301980198019802 0.07079646017699115 0.08415841584158416
2 0.3163716814159292 0.09405940594059406 0.06637168141592921 0.0891089108910891
2 0.9469026548672567 0.08168316831683169 0.07079646017699115 0.06435643564356436
2 0.20353982300884957 0.5767326732673267 0.07079646017699115 0.07425742574257425
3 0.18584070796460178 0.6881188118811881 0.07964601769911504 0.09900990099009901
3 0.9491150442477876 0.5222772277227723 0.0752212389380531 0.07425742574257425
3 0.4358407079646018 0.4158415841584158 0.084070796460177 0.0891089108910891
3 0.915929203539823 0.23514851485148514 0.08849557522123894 0.07425742574257425
