0 0.9380530973451328 0.4282178217821782 0.09734513274336283 0.07425742574257425
2 0.5331858407079646 0.7475247524752475 0.084070796460177 0.09900990099009901
2 0.8008849557522124 0.8613861386138614 0.07964601769911504 0.07920792079207921
2 0.6327433628318584 0.21534653465346534 0.061946902654867256 0.08415841584158416
2 0.6747787610619469 0.4158415841584158 0.0752212389380531 0.09900990099009901
3 0.5619469026548672 0.16584158415841585 0.05309734513274336 0.054455445544554455
3 0.44026548672566373 0.6311881188118812 0.0752212389380531 0.07425742574257425
3 0.4823008849557522 0.6064356435643564 0.04424778761061947 0.06435643564356436
3 0.17699115044247787 0.7054455445544554 0.061946902654867256 0.07425742574257425
3 0.8008849557522124 0.8638613861386139 0.04424778761061947 0.06435643564356436
