0 0.8561946902654868 0.27722772277227725 0.10176991150442478 0.1188118811881188
0 0.14380530973451328 0.7648514851485149 0.09292035398230089 0.10396039603960396
0 0.16150442477876106 0.7029702970297029 0.084070796460177 0.09900990099009901
0 0.9269911504424779 0.556930693069307 0.10176991150442478 0.10396039603960396
0 0.5575221238938053 0.21534653465346534 0.10619469026548672 0.06435643564356436
1 0.5929203539823009 0.5891089108910891 0.09734513274336283 0.10891089108910891
1 0.6482300884955752 0.3292079207920792 0.09292035398230089 0.09405940594059406
1 0.4690265486725664 0.9282178217821783 0.07079646017699115 0.07425742574257425
1 0.668141592920354 0.7475247524752475 0.08849557522123894 0.0891089108910891
3 0.8960176991150443 0.48514851485148514 0.0752212389380531 0.07920792079207921
4 0.9690265486725663 0.05198019801980198 0.05309734513274336 0.09405940594059406
