0 0.6792035398230089 0.8688118811881188 0.11061946902654868 0.12376237623762376
0 0.7721238938053098 0.6014851485148515 0.0752212389380531 0.09405940594059406
1 0.8539823008849557 0.29207920792079206 0.09734513274336283 0.09900990099009901
1 0.5176991150442478 0.5123762376237624 0.08849557522123894 0.08415841584158416
1 0.37389380530973454 0.2004950495049505 0.10176991150442478 0.07425742574257425
2 0.7809734513274337 0.9405940594059405 0.0752212389380531 0.07920792079207921
2 0.21017699115044247 0.8292079207920792 0.0752212389380531 0.07425742574257425
2 0.6061946902654868 0.8638613861386139 0.08849557522123894 0.08415841584158416
3 0.6814159292035398 0.5668316831683168 0.061946902654867256 0.09405940594059406
3 0.061946902654867256 0.7376237623762376 0.07964601769911504 0.06930693069306931
4 0.754424778761062 0.400990099009901 0.0752212389380531 0.06930693069306931
