0 0.23672566371681417 0.1905940594059406 0.11061946902654868 0.09405940594059406
0 0.2942477876106195 0.7797029702970297 0.0752212389380531 0.07425742574257425
0 0.42920353982300885 0.504950495049505 0.09734513274336283 0.07920792079207921
0 0.7212389380530974 0.8168316831683168 0.08849557522123894 0.0891089108910891
0 0.9380530973451328 0.4405940594059406 0.09734513274336283 0.0891089108910891
1 0.6106194690265486 0.6188118811881188 0.07964601769911504 0.09900990099009901
1 0.6836283185840708 0.16831683168316833 0.06637168141592921 0.07920792079207921
1 0.918141592920354 0.4207920792079208 0.06637168141592921 0.09900990099009901
1 0.6526548672566371 0.900990099009901 0.084070796460177 0.09900990099009901
3 0.7743362831858407 0.15594059405940594 0.061946902654867256 0.06435643564356436
4 0.19690265486725664 0.31435643564356436 0.0752212389380531 0.09405940594059406
