0 0.22787610619469026 0.5346534653465347 0.09292035398230089 0.10891089108910891
0 0.2588495575221239 0.4777227722772277 0.06637168141592921 0.10396039603960396
0 0.7876106194690266 0.3886138613861386 0.09734513274336283 0.09405940594059406
0 0.8473451327433629 0.9108910891089109 0.084070796460177 0.0891089108910891
0 0.3075221238938053 0.9084158415841584 0.0752212389380531 0.07425742574257425
1 0.1570796460176991 0.41336633663366334 0.0752212389380531 0.08415841584158416
1 0.252212389380531 0.31435643564356436 0.07964601769911504 0.09405940594059406
1 0.7477876106194691 0.6806930693069307 0.07964601769911504 0.09405940594059406
1 0.1570796460176991 0.8985148514851485 0.09292035398230089 0.09405940594059406
3 0.18584070796460178 0.06683168316831684 0.04424778761061947 0.054455445544554455
