0 0.9048672566371682 0.22772277227722773 0.05752212389380531 0.10891089108910891
1 0.6039823008849557 0.4381188118811881 0.09292035398230089 0.10396039603960396
1 0.08628318584070796 0.801980198019802 0.084070796460177 0.0891089108910891
2 0.07964601769911504 0.10148514851485149 0.09734513274336283 0.07425742574257425
2 0.36504424778761063 0.8712871287128713 0.0752212389380531 0.06930693069306931
2 0.7522123893805309 0.06683168316831684 0.07079646017699115 0.07425742574257425
2 0.6570796460176991 0.8737623762376238 0.05752212389380531 0.10396039603960396
3 0.5619469026548672 0.15346534653465346 0.061946902654867256 0.04950495049504951
3 0.5 0.745049504950495 0.061946902654867256 0.07425742574257425
3 0.09292035398230089 0.43316831683168316 0.07964601769911504 0.09405940594059406
4 0.7389380530973452 0.6831683168316832 0.061946902654867256 0.07920792079207921
