0 0.8053097345132744 0.551980198019802 0.08849557522123894 0.08415841584158416
0 0.16371681415929204 0.29207920792079206 0.07964601769911504 0.10891089108910891
2 0.8185840707964602 0.18316831683168316 0.061946902654867256 0.09900990099009901
2 0.6283185840707964 0.5396039603960396 0.061946902654867256 0.0891089108910891
2 0.2743362831858407 0.3910891089108911 0.08849557522123894 0.0594059405940594
3 0.2676991150442478 0.5693069306930693 0.06637168141592921 0.06930693069306931
3 0.3473451327433628 0.12871287128712872 0.06637168141592921 0.09900990099009901
3 0.5176991150442478 0.06188118811881188 0.07079646017699115 0.10396039603960396
3 0.668141592920354 0.8787128712871287 0.07964601769911504 0.08415841584158416
3 0.18584070796460178 0.7945544554455446 0.061946902654867256 0.10396039603960396
