0 0.08628318584070796 0.75 0.0752212389380531 0.08415841584158416
0 0.17256637168141592 0.9405940594059405 0.07964601769911504 0.10891089108910891
0 0.6526548672566371 0.8910891089108911 0.084070796460177 0.07920792079207921
0 0.577433628318584 0.7945544554455446 0.05752212389380531 0.09405940594059406
1 0.672566371681416 0.7425742574257426 0.07964601769911504 0.10891089108910891
1 0.37610619469026546 0.44554455445544555 0.061946902654867256 0.06930693069306931
1 0.09513274336283185 0.2722772277227723 0.06637168141592921 0.07920792079207921
1 0.7433628318584071 0.2004950495049505 0.07079646017699115 0.10396039603960396
2 0.2234513274336283 0.36386138613861385 0.06637168141592921 0.07425742574257425
3 0.7477876106194691 0.5594059405940595 0.07964601769911504 0.10891089108910891
4 0.11061946902654868 0.556930693069307 0.07964601769911504 0.10396039603960396
