0 0.9469026548672567 0.1782178217821782 0.07964601769911504 0.06930693069306931
0 0.6349557522123894 0.5618811881188119 0.084070796460177 0.07425742574257425
0 0.5486725663716814 0.38613861386138615 0.09734513274336283 0.10891089108910891
0 0.918141592920354 0.15099009900990099 0.09292035398230089 0.11386138613861387
0 0.4690265486725664 0.9405940594059405 0.09734513274336283 0.0891089108910891
1 0.0752212389380531 0.6287128712871287 0.07964601769911504 0.07920792079207921
1 0.7278761061946902 0.556930693069307 0.084070796460177 0.07425742574257425
3 0.754424778761062 0.4900990099009901 0.06637168141592921 0.0891089108910891
3 0.32964601769911506 0.5123762376237624 0.0752212389380531 0.07425742574257425
3 0.9623893805309734 0.4158415841584158 0.05752212389380531 0.07920792079207921
