0 0.29646017699115046 0.844059405940594 0.07964601769911504 0.09405940594059406
0 0.6371681415929203 0.26732673267326734 0.08849557522123894 0.09900990099009901
0 0.47123893805309736 0.35396039603960394 0.11061946902654868 0.11386138613861387
0 0.915929203539823 0.28465346534653463 0.07964601769911504 0.07425742574257425
1 0.25442477876106195 0.11633663366336634 0.084070796460177 0.10396039603960396
1 0.5154867256637168 0.8861386138613861 0.084070796460177 0.0891089108910891
1 0.8429203539823009 0.33663366336633666 0.084070796460177 0.0891089108910891
1 0.6415929203539823 0.43564356435643564 0.08849557522123894 0.0891089108910891
1 0.3893805309734513 0.06930693069306931 0.07079646017699115 0.10891089108910891
2 0.9579646017699115 0.297029702970297 0.084070796460177 0.07920792079207921
4 0.5132743362831859 0.9034653465346535 0.08849557522123894 0.09405940594059406
