0 0.4446902654867257 0.30445544554455445 0.0752212389380531 0.09405940594059406
0 0.9446902654867256 0.6237623762376238 0.084070796460177 0.07920792079207921
0 0.4778761061946903 0.504950495049505 0.061946902654867256 0.09900990099009901
0 0.8207964601769911 0.5816831683168316 0.06637168141592921 0.09405940594059406
1 0.18584070796460178 0.43316831683168316 0.07964601769911504 0.07425742574257425
1 0.2610619469026549 0.8415841584158416 0.061946902654867256 0.10891089108910891
1 0.7743362831858407 0.5247524752475248 0.10619469026548672 0.10891089108910891
2 0.584070796460177 0.7797029702970297 0.08849557522123894 0.08415841584158416
3 0.8207964601769911 0.8465346534653465 0.05752212389380531 0.04950495049504951
3 0.3141592920353982 0.21782178217821782 0.08849557522123894 0.09900990099009901
4 0.8893805309734514 0.49257425742574257 0.061946902654867256 0.08415841584158416
