0 0.45353982300884954 0.9183168316831684 0.11061946902654868 0.12376237623762376
0 0.9292035398230089 0.6064356435643564 0.09734513274336283 0.10396039603960396
0 0.5641592920353983 0.7698019801980198 0.084070796460177 0.08415841584158416
0 0.5398230088495575 0.8044554455445545 0.061946902654867256 0.08415841584158416
0 0.6592920353982301 0.8638613861386139 0.09734513274336283 0.11386138613861387
1 0.8252212389380531 0.8514851485148515 0.084070796460177 0.0891089108910891
1 0.7522123893805309 0.8341584158415841 0.07964601769911504 0.08415841584158416
1 0.6969026548672567 0.49257425742574257 0.0752212389380531 0.09405940594059406
3 0.3141592920353982 0.45792079207920794 0.07079646017699115 0.07425742574257425
3 0.827433628318584 0.3217821782178218 0.061946902654867256 0.06930693069306931
