0 0.10176991150442478 0.9133663366336634 0.07964601769911504 0.07425742574257425
0 0.5309734513274337 0.4504950495049505 0.07964601769911504 0.09900990099009901
0 0.13495575221238937 0.7698019801980198 0.048672566371681415 0.09405940594059406
1 0.7477876106194691 0.6361386138613861 0.07079646017699115 0.07425742574257425
1 0.6946902654867256 0.6732673267326733 0.08849557522123894 0.09900990099009901
1 0.1836283185840708 0.16584158415841585 0.084070796460177 0.08415841584158416
1 0.9469026548672567 0.8762376237623762 0.07964601769911504 0.0891089108910891
2 0.2743362831858407 0.29207920792079206 0.07079646017699115 0.0891089108910891
2 0.05088495575221239 0.6683168316831684 0.084070796460177 0.0891089108910891
3 0.1747787610619469 0.452970297029703 0.0752212389380531 0.08415841584158416
4 0.7433628318584071 0.8638613861386139 0.07079646017699115 0.09405940594059406
