0 0.8805309734513275 0.4777227722772277 0.08849557522123894 0.09405940594059406
0 0.12168141592920353 0.11138613861386139 0.10176991150442478 0.10396039603960396
0 0.39823008849557523 0.599009900990099 0.061946902654867256 0.07920792079207921
1 0.48008849557522126 0.10396039603960396 0.0752212389380531 0.10891089108910891
2 0.6415929203539823 0.594059405940594 0.08849557522123894 0.07920792079207921
2 0.4889380530973451 0.7301980198019802 0.06637168141592921 0.08415841584158416
3 0.6703539823008849 0.7698019801980198 0.0752212389380531 0.09405940594059406
3 0.7411504424778761 0.19801980198019803 0.06637168141592921 0.09900990099009901
3 0.1172566371681416 0.38366336633663367 0.0752212389380531 0.11386138613861387
3 0.3141592920353982 0.5 0.07079646017699115 0.0891089108910891
