0 0.413716814159292 0.12128712871287128 0.09292035398230089 0.10396039603960396
1 0.6792035398230089 0.8787128712871287 0.084070796460177 0.08415841584158416
1 0.5331858407079646 0.16336633663366337 0.10176991150442478 0.0891089108910891
1 0.9424778761061947 0.4183168316831683 0.08849557522123894 0.06435643564356436
1 0.8230088495575221 0.6806930693069307 0.08849557522123894 0.10396039603960396
1 0.3473451327433628 0.8143564356435643 0.10176991150442478 0.07425742574257425
2 0.10619469026548672 0.7995049504950495 0.07079646017699115 0.06435643564356436
2 0.37831858407079644 0.7995049504950495 0.09292035398230089 0.09405940594059406
2 0.8694690265486725 0.7351485148514851 0.09292035398230089 0.10396039603960396
2 0.7876106194690266 0.41089108910891087 0.07079646017699115 0.07920792079207921
