0 0.32079646017699115 0.09158415841584158 0.0752212389380531 0.08415841584158416
0 0.8761061946902655 0.22524752475247525 0.10619469026548672 0.07425742574257425
0 0.5752212389380531 0.3910891089108911 0.09734513274336283 0.07920792079207921
1 0.19911504424778761 0.5123762376237624 0.07079646017699115 0.10396039603960396
1 0.7212389380530974 0.2079207920792079 0.061946902654867256 0.0891089108910891
2 0.12831858407079647 0.31683168316831684 0.09734513274336283 0.0891089108910891
2 0.8893805309734514 0.36386138613861385 0.08849557522123894 0.08415841584158416
3 0.10619469026548672 0.745049504950495 0.061946902654867256 0.07425742574257425
3 0.745575221238938 0.35148514851485146 0.06637168141592921 0.06930693069306931
3 0.5995575221238938 0.22277227722772278 0.05752212389380531 0.07920792079207921
4 0.12389380530973451 0.45544554455445546 0.08849557522123894 0.0891089108910891
