0 0.17256637168141592 0.6707920792079208 0.07079646017699115 0.08415841584158416
0 0.08185840707964602 0.9034653465346535 0.09292035398230089 0.10396039603960396
0 0.6482300884955752 0.0594059405940594 0.084070796460177 0.0891089108910891
0 0.7632743362831859 0.8836633663366337 0.084070796460177 0.10396039603960396
0 0.16592920353982302 0.33663366336633666 0.084070796460177 0.09900990099009901
1 0.8296460176991151 0.6707920792079208 0.09292035398230089 0.10396039603960396
1 0.5398230088495575 0.49257425742574257 0.07079646017699115 0.08415841584158416
1 0.668141592920354 0.40594059405940597 0.07079646017699115 0.09900990099009901
3 0.36283185840707965 0.30445544554455445 0.07079646017699115 0.054455445544554455
3 0.6858407079646017 0.11138613861386139 0.061946902654867256 0.06435643564356436
4 0.3053097345132743 0.7772277227722773 0.05309734513274336 0.07920792079207921
