2 0.07743362831858407 0.844059405940594 0.06637168141592921 0.06435643564356436
2 0.09955752212389381 0.5965346534653465 0.06637168141592921 0.07425742574257425
2 0.07964601769911504 0.599009900990099 0.07079646017699115 0.06930693069306931
2 0.13938053097345132 0.5965346534653465 0.048672566371681415 0.06435643564356436
2 0.42035398230088494 0.29207920792079206 0.07079646017699115 0.06930693069306931
3 0.8008849557522124 0.06435643564356436 0.061946902654867256 0.06930693069306931
3 0.661504424778761 0.4306930693069307 0.048672566371681415 0.09900990099009901
3 0.09955752212389381 0.2747524752475248 0.05752212389380531 0.06435643564356436
3 0.2013274336283186 0.38366336633663367 0.0752212389380531 0.09405940594059406
3 0.05530973451327434 0.6262376237623762 0.0752212389380531 0.054455445544554455
4 0.8738938053097345 0.9183168316831684 0.0752212389380531 0.07425742574257425
