0 0.6592920353982301 0.948019801980198 0.07964601769911504 0.10396039603960396
0 0.9601769911504425 0.7821782178217822 0.07079646017699115 0.0891089108910891
0 0.3252212389380531 0.2896039603960396 0.09292035398230089 0.08415841584158416
0 0.12389380530973451 0.8539603960396039 0.10619469026548672 0.11386138613861387
0 0.22123893805309736 0.5346534653465347 0.08849557522123894 0.10891089108910891
3 0.47123893805309736 0.8688118811881188 0.0752212389380531 0.06435643564356436
3 0.44026548672566373 0.2995049504950495 0.084070796460177 0.07425742574257425
3 0.07964601769911504 0.33910891089108913 0.05309734513274336 0.08415841584158416
3 0.21017699115044247 0.5668316831683168 0.084070796460177 0.09405940594059406
3 0.2234513274336283 0.6336633663366337 0.03982300884955752 0.0891089108910891
4 0.9601769911504425 0.5767326732673267 0.061946902654867256 0.09405940594059406
