1 0.6880530973451328 0.29207920792079206 0.084070796460177 0.0891089108910891
1 0.26327433628318586 0.6658415841584159 0.06637168141592921 0.11386138613861387
2 0.3584070796460177 0.17574257425742573 0.05309734513274336 0.06435643564356436
2 0.4424778761061947 0.23514851485148514 0.07964601769911504 0.06435643564356436
2 0.6747787610619469 0.7054455445544554 0.06637168141592921 0.08415841584158416
2 0.059734513274336286 0.504950495049505 0.084070796460177 0.0594059405940594
2 0.4469026548672566 0.7252475247524752 0.07964601769911504 0.07425742574257425
3 0.6017699115044248 0.3613861386138614 0.07964601769911504 0.06930693069306931
3 0.6305309734513275 0.05693069306930693 0.0752212389380531 0.08415841584158416
3 0.2610619469026549 0.6881188118811881 0.07964601769911504 0.07920792079207921
4 0.19690265486725664 0.6262376237623762 0.0752212389380531 0.054455445544554455
