0 0.8672566371681416 0.7326732673267327 0.08849557522123894 0.1188118811881188
1 0.7942477876106194 0.7797029702970297 0.09292035398230089 0.07425742574257425
1 0.08628318584070796 0.9405940594059405 0.09292035398230089 0.06930693069306931
2 0.14380530973451328 0.6633663366336634 0.0752212389380531 0.06930693069306931
2 0.415929203539823 0.14356435643564355 0.07079646017699115 0.06930693069306931
2 0.6415929203539823 0.4306930693069307 0.061946902654867256 0.0891089108910891
2 0.8207964601769911 0.4975247524752475 0.084070796460177 0.06435643564356436
3 0.5331858407079646 0.8044554455445545 0.09292035398230089 0.08415841584158416
3 0.39601769911504425 0.3316831683168317 0.0752212389380531 0.0594059405940594
3 0.7146017699115044 0.6608910891089109 0.084070796460177 0.07425742574257425
4 0.5376106194690266 0.07673267326732673 0.0752212389380531 0.08415841584158416
