0 0.6969026548672567 0.9356435643564357 0.06637168141592921 0.1188118811881188
0 0.7013274336283186 0.15099009900990099 0.10176991150442478 0.10396039603960396
1 0.7522123893805309 0.7797029702970297 0.09734513274336283 0.09405940594059406
1 0.922566371681416 0.31435643564356436 0.0752212389380531 0.10396039603960396
2 0.6792035398230089 0.7351485148514851 0.09292035398230089 0.10396039603960396
2 0.47123893805309736 0.6955445544554455 0.0752212389380531 0.10396039603960396
2 0.8097345132743363 0.3589108910891089 0.061946902654867256 0.08415841584158416
3 0.5 0.15099009900990099 0.061946902654867256 0.07425742574257425
3 0.26327433628318586 0.4084158415841584 0.0752212389380531 0.054455445544554455
3 0.831858407079646 0.3613861386138614 0.07079646017699115 0.0594059405940594
4 0.25663716814159293 0.11138613861386139 0.07964601769911504 0.10396039603960396
