1 0.3075221238938053 0.25742574257425743 0.10176991150442478 0.0891089108910891
2 0.8075221238938053 0.22524752475247525 0.0752212389380531 0.08415841584158416
2 0.13495575221238937 0.3811881188118812 0.0752212389380531 0.0594059405940594
2 0.19469026548672566 0.07920792079207921 0.08849557522123894 0.09900990099009901
2 0.32964601769911506 0.2400990099009901 0.0752212389380531 0.09405940594059406
2 0.43805309734513276 0.5965346534653465 0.07964601769911504 0.06435643564356436
3 0.40707964601769914 0.3193069306930693 0.07964601769911504 0.09405940594059406
3 0.5353982300884956 0.6955445544554455 0.07964601769911504 0.07425742574257425
3 0.2345132743362832 0.7945544554455446 0.07964601769911504 0.10396039603960396
3 0.23672566371681417 0.8465346534653465 0.0752212389380531 0.09900990099009901
