0 0.831858407079646 0.2698019801980198 0.10619469026548672 0.10396039603960396
0 0.5907079646017699 0.9504950495049505 0.09292035398230089 0.09900990099009901
0 0.6637168141592921 0.8613861386138614 0.07964601769911504 0.07920792079207921
0 0.17256637168141592 0.9455445544554455 0.07964601769911504 0.07920792079207921
0 0.46238938053097345 0.9356435643564357 0.084070796460177 0.09900990099009901
1 0.42035398230088494 0.5866336633663366 0.07079646017699115 0.09405940594059406
1 0.7013274336283186 0.43564356435643564 0.06637168141592921 0.06930693069306931
1 0.6924778761061947 0.6287128712871287 0.0752212389380531 0.09900990099009901
3 0.3606194690265487 0.2079207920792079 0.05752212389380531 0.0594059405940594
3 0.048672566371681415 0.5866336633663366 0.07964601769911504 0.08415841584158416
4 0.4690265486725664 0.9207920792079208 0.08849557522123894 0.06930693069306931
