0 0.49557522123893805 0.0891089108910891 0.07964601769911504 0.09900990099009901
0 0.5973451327433629 0.7722772277227723 0.08849557522123894 0.0891089108910891
1 0.2013274336283186 0.12128712871287128 0.05752212389380531 0.06435643564356436
1 0.3230088495575221 0.35396039603960394 0.07964601769911504 0.10396039603960396
2 0.1084070796460177 0.15594059405940594 0.0752212389380531 0.09405940594059406
2 0.07300884955752213 0.754950495049505 0.0752212389380531 0.054455445544554455
2 0.6172566371681416 0.5222772277227723 0.0752212389380531 0.06435643564356436
3 0.4269911504424779 0.5024752475247525 0.05752212389380531 0.08415841584158416
3 0.4668141592920354 0.9504950495049505 0.06637168141592921 0.07920792079207921
3 0.21902654867256638 0.37376237623762376 0.06637168141592921 0.09405940594059406
