0 0.6482300884955752 0.650990099009901 0.084070796460177 0.10396039603960396
0 0.7035398230088495 0.13861386138613863 0.09734513274336283 0.10891089108910891
1 0.4314159292035398 0.5272277227722773 0.09292035398230089 0.09405940594059406
1 0.24336283185840707 0.8564356435643564 0.061946902654867256 0.07920792079207921
1 0.14380530973451328 0.6410891089108911 0.084070796460177 0.08415841584158416
1 0.3030973451327434 0.8836633663366337 0.09292035398230089 0.10396039603960396
2 0.18805309734513273 0.07920792079207921 0.09292035398230089 0.09900990099009901
2 0.4557522123893805 0.5891089108910891 0.061946902654867256 0.06930693069306931
2 0.9092920353982301 0.33663366336633666 0.084070796460177 0.07920792079207921
3 0.8893805309734514 0.10891089108910891 0.07079646017699115 0.06930693069306931
4 0.8915929203539823 0.07920792079207921 0.0752212389380531 0.0891089108910891
