1 0.05309734513274336 0.5445544554455446 0.08849557522123894 0.0891089108910891
1 0.3893805309734513 0.7153465346534653 0.08849557522123894 0.09405940594059406
2 0.9557522123893806 0.09405940594059406 0.07079646017699115 0.07920792079207921
2 0.5707964601769911 0.5866336633663366 0.07079646017699115 0.08415841584158416
2 0.22566371681415928 0.6188118811881188 0.07079646017699115 0.0891089108910891
2 0.6415929203539823 0.5173267326732673 0.061946902654867256 0.07425742574257425
2 0.4889380530973451 0.7673267326732673 0.084070796460177 0.07920792079207921
3 0.05530973451327434 0.943069306930693 0.048672566371681415 0.06435643564356436
3 0.14380530973451328 0.5643564356435643 0.05752212389380531 0.09900990099009901
3 0.31194690265486724 0.16831683168316833 0.0752212389380531 0.0594059405940594
4 0.39601769911504425 0.20544554455445543 0.084070796460177 0.10396039603960396
