0 0.8606194690265486 0.039603960396039604 0.0752212389380531 0.07920792079207921
2 0.2809734513274336 0.26485148514851486 0.084070796460177 0.07425742574257425
2 0.26327433628318586 0.18316831683168316 0.06637168141592921 0.06930693069306931
2 0.35398230088495575 0.37623762376237624 0.07964601769911504 0.07920792079207921
2 0.3274336283185841 0.15099009900990099 0.08849557522123894 0.07425742574257425
3 0.9402654867256637 0.12623762376237624 0.06637168141592921 0.09405940594059406
3 0.6482300884955752 0.599009900990099 0.0752212389380531 0.0891089108910891
3 0.7964601769911505 0.15594059405940594 0.07964601769911504 0.08415841584158416
3 0.9336283185840708 0.844059405940594 0.061946902654867256 0.07425742574257425
3 0.6150442477876106 0.7747524752475248 0.07964601769911504 0.10396039603960396
