0 0.31194690265486724 0.7475247524752475 0.084070796460177 0.06930693069306931
0 0.3008849557522124 0.8787128712871287 0.07964601769911504 0.08415841584158416
0 0.16150442477876106 0.8613861386138614 0.10176991150442478 0.10891089108910891
1 0.05530973451327434 0.08663366336633663 0.09292035398230089 0.10396039603960396
2 0.7853982300884956 0.44801980198019803 0.084070796460177 0.08415841584158416
2 0.7013274336283186 0.551980198019802 0.06637168141592921 0.07425742574257425
3 0.7831858407079646 0.2524752475247525 0.05309734513274336 0.0594059405940594
3 0.6106194690265486 0.034653465346534656 0.07964601769911504 0.0594059405940594
3 0.6814159292035398 0.1188118811881188 0.04424778761061947 0.0594059405940594
3 0.19911504424778761 0.5717821782178217 0.061946902654867256 0.06435643564356436
