0 0.6393805309734514 0.14603960396039603 0.0752212389380531 0.11386138613861387
0 0.21017699115044247 0.34405940594059403 0.0752212389380531 0.08415841584158416
0 0.7676991150442478 0.33910891089108913 0.06637168141592921 0.10396039603960396
0 0.834070796460177 0.7376237623762376 0.10176991150442478 0.09900990099009901
1 0.168141592920354 0.943069306930693 0.061946902654867256 0.08415841584158416
1 0.04424778761061947 0.19801980198019803 0.07079646017699115 0.09900990099009901
1 0.18141592920353983 0.8985148514851485 0.09734513274336283 0.08415841584158416
1 0.40486725663716816 0.5099009900990099 0.084070796460177 0.1188118811881188
2 0.3893805309734513 0.11633663366336634 0.07964601769911504 0.09405940594059406
3 0.35176991150442477 0.943069306930693 0.0752212389380531 0.07425742574257425
