0 0.9336283185840708 0.6881188118811881 0.07964601769911504 0.0891089108910891
0 0.834070796460177 0.655940594059406 0.084070796460177 0.10396039603960396
0 0.9446902654867256 0.17574257425742573 0.084070796460177 0.10396039603960396
0 0.8738938053097345 0.5891089108910891 0.084070796460177 0.10891089108910891
0 0.33849557522123896 0.5742574257425742 0.09292035398230089 0.09900990099009901
1 0.4579646017699115 0.26485148514851486 0.06637168141592921 0.08415841584158416
1 0.7743362831858407 0.03712871287128713 0.08849557522123894 0.07425742574257425
1 0.9557522123893806 0.15594059405940594 0.08849557522123894 0.09405940594059406
1 0.27654867256637167 0.6262376237623762 0.10176991150442478 0.07425742574257425
1 0.7831858407079646 0.551980198019802 0.09734513274336283 0.11386138613861387
4 0.20353982300884957 0.3069306930693069 0.07964601769911504 0.06930693069306931
