1 0.8805309734513275 0.7079207920792079 0.09734513274336283 0.0891089108910891
1 0.49336283185840707 0.7029702970297029 0.09292035398230089 0.07920792079207921
1 0.9601769911504425 0.36633663366336633 0.07079646017699115 0.0891089108910891
1 0.3473451327433628 0.9381188118811881 0.084070796460177 0.10396039603960396
2 0.5088495575221239 0.49257425742574257 0.061946902654867256 0.07425742574257425
2 0.4247787610619469 0.6608910891089109 0.09734513274336283 0.11386138613861387
2 0.8451327433628318 0.3069306930693069 0.07964601769911504 0.09900990099009901
2 0.5376106194690266 0.3886138613861386 0.06637168141592921 0.06435643564356436
2 0.4446902654867257 0.06435643564356436 0.0752212389380531 0.07920792079207921
3 0.6283185840707964 0.8168316831683168 0.07079646017699115 0.10891089108910891
