0 0.5022123893805309 0.5866336633663366 0.084070796460177 0.11386138613861387
0 0.35398230088495575 0.4504950495049505 0.07964601769911504 0.10891089108910891
0 0.44026548672566373 0.19306930693069307 0.06637168141592921 0.09900990099009901
0 0.38716814159292035 0.5594059405940595 0.10176991150442478 0.10891089108910891
0 0.13274336283185842 0.15099009900990099 0.08849557522123894 0.08415841584158416
1 0.41150442477876104 0.8292079207920792 0.07964601769911504 0.09405940594059406
1 0.06858407079646017 0.49504950495049505 0.06637168141592921 0.07920792079207921
3 0.504424778761062 0.39851485148514854 0.07079646017699115 0.07425742574257425
3 0.3075221238938053 0.5618811881188119 0.0752212389380531 0.08415841584158416
3 0.5199115044247787 0.9529702970297029 0.0752212389380531 0.07425742574257425
