0 0.504424778761062 0.5099009900990099 0.07964601769911504 0.10891089108910891
0 0.49336283185840707 0.5693069306930693 0.084070796460177 0.0891089108910891
1 0.8185840707964602 0.806930693069307 0.08849557522123894 0.0891089108910891
1 0.3606194690265487 0.04950495049504951 0.084070796460177 0.07920792079207921
1 0.577433628318584 0.6039603960396039 0.0752212389380531 0.0891089108910891
1 0.7566371681415929 0.943069306930693 0.061946902654867256 0.07425742574257425
2 0.4646017699115044 0.18564356435643564 0.08849557522123894 0.09405940594059406
2 0.6703539823008849 0.4603960396039604 0.06637168141592921 0.0891089108910891
2 0.1504424778761062 0.8762376237623762 0.05309734513274336 0.0891089108910891
3 0.7411504424778761 0.03712871287128713 0.0752212389380531 0.07425742574257425
4 0.21017699115044247 0.5346534653465347 0.0752212389380531 0.09900990099009901
