0 0.6747787610619469 0.5148514851485149 0.10176991150442478 0.0891089108910891
0 0.6039823008849557 0.599009900990099 0.10176991150442478 0.09900990099009901
1 0.6371681415929203 0.3415841584158416 0.08849557522123894 0.07920792079207921
1 0.3030973451327434 0.47277227722772275 0.084070796460177 0.08415841584158416
1 0.6703539823008849 0.5742574257425742 0.084070796460177 0.07920792079207921
2 0.5907079646017699 0.10891089108910891 0.084070796460177 0.10891089108910891
2 0.7013274336283186 0.3118811881188119 0.084070796460177 0.0891089108910891
2 0.4469026548672566 0.6633663366336634 0.07079646017699115 0.07920792079207921
3 0.8008849557522124 0.8539603960396039 0.061946902654867256 0.07425742574257425
3 0.918141592920354 0.9306930693069307 0.06637168141592921 0.07920792079207921
4 0.5221238938053098 0.18316831683168316 0.07079646017699115 0.0594059405940594
