0 0.7986725663716814 0.5668316831683168 0.09292035398230089 0.08415841584158416
0 0.5376106194690266 0.8589108910891089 0.084070796460177 0.09405940594059406
0 0.4690265486725664 0.7673267326732673 0.08849557522123894 0.07920792079207921
1 0.061946902654867256 0.43564356435643564 0.07964601769911504 0.0891089108910891
1 0.5508849557522124 0.33910891089108913 0.10176991150442478 0.07425742574257425
2 0.03982300884955752 0.6410891089108911 0.07964601769911504 0.08415841584158416
2 0.2831858407079646 0.6683168316831684 0.07079646017699115 0.07920792079207921
3 0.7101769911504425 0.2400990099009901 0.048672566371681415 0.054455445544554455
3 0.9358407079646017 0.7871287128712872 0.048672566371681415 0.06930693069306931
3 0.41814159292035397 0.7920792079207921 0.05752212389380531 0.07920792079207921
4 0.084070796460177 0.8960396039603961 0.07964601769911504 0.06930693069306931
