1 0.8008849557522124 0.10891089108910891 0.08849557522123894 0.10891089108910891
2 0.25 0.22277227722772278 0.09292035398230089 0.0891089108910891
2 0.7367256637168141 0.4777227722772277 0.03982300884955752 0.09405940594059406
2 0.5176991150442478 0.5792079207920792 0.07079646017699115 0.0594059405940594
2 0.8429203539823009 0.38613861386138615 0.084070796460177 0.0891089108910891
2 0.831858407079646 0.5643564356435643 0.07964601769911504 0.07920792079207921
3 0.915929203539823 0.1188118811881188 0.05309734513274336 0.0594059405940594
3 0.6991150442477876 0.7846534653465347 0.061946902654867256 0.11386138613861387
3 0.2411504424778761 0.5643564356435643 0.0752212389380531 0.0594059405940594
3 0.1902654867256637 0.18564356435643564 0.05309734513274336 0.07425742574257425
