0 0.9623893805309734 0.655940594059406 0.06637168141592921 0.09405940594059406
1 0.43805309734513276 0.5148514851485149 0.07964601769911504 0.0891089108910891
1 0.584070796460177 0.7252475247524752 0.07079646017699115 0.12376237623762376
1 0.15265486725663716 0.42326732673267325 0.09292035398230089 0.07425742574257425
1 0.5199115044247787 0.09653465346534654 0.084070796460177 0.10396039603960396
2 0.7522123893805309 0.25742574257425743 0.07964601769911504 0.07920792079207921
2 0.6261061946902655 0.5965346534653465 0.06637168141592921 0.06435643564356436
2 0.3274336283185841 0.5346534653465347 0.07964601769911504 0.07920792079207921
2 0.5619469026548672 0.5297029702970297 0.07079646017699115 0.07920792079207921
3 0.3827433628318584 0.4405940594059406 0.084070796460177 0.06930693069306931
