0 0.4668141592920354 0.849009900990099 0.0752212389380531 0.09405940594059406
0 0.5641592920353983 0.34405940594059403 0.09292035398230089 0.11386138613861387
2 0.8097345132743363 0.8341584158415841 0.07964601769911504 0.08415841584158416
2 0.9247787610619469 0.9554455445544554 0.07079646017699115 0.07920792079207921
2 0.5685840707964602 0.44554455445544555 0.05752212389380531 0.06930693069306931
3 0.5088495575221239 0.5693069306930693 0.07079646017699115 0.09900990099009901
3 0.5309734513274337 0.26732673267326734 0.07964601769911504 0.06930693069306931
3 0.5088495575221239 0.8811881188118812 0.04424778761061947 0.09900990099009901
3 0.5066371681415929 0.20297029702970298 0.09292035398230089 0.07920792079207921
3 0.922566371681416 0.11386138613861387 0.06637168141592921 0.06930693069306931
4 0.45132743362831856 0.655940594059406 0.07079646017699115 0.08415841584158416
