0 0.43805309734513276 0.7252475247524752 0.07964601769911504 0.07425742574257425
1 0.08849557522123894 0.42326732673267325 0.09734513274336283 0.10396039603960396
1 0.7986725663716814 0.1707920792079208 0.084070796460177 0.06435643564356436
1 0.8230088495575221 0.4628712871287129 0.08849557522123894 0.09405940594059406
1 0.1415929203539823 0.5371287128712872 0.08849557522123894 0.08415841584158416
1 0.7831858407079646 0.5346534653465347 0.07079646017699115 0.1188118811881188
2 0.5132743362831859 0.8589108910891089 0.07079646017699115 0.10396039603960396
2 0.9048672566371682 0.900990099009901 0.084070796460177 0.06930693069306931
2 0.43805309734513276 0.4306930693069307 0.07079646017699115 0.06930693069306931
2 0.19247787610619468 0.3712871287128713 0.06637168141592921 0.0891089108910891
