0 0.36283185840707965 0.19801980198019803 0.08849557522123894 0.09900990099009901
0 0.665929203539823 0.06188118811881188 0.05752212389380531 0.09405940594059406
0 0.4889380530973451 0.49257425742574257 0.0752212389380531 0.11386138613861387
0 0.584070796460177 0.698019801980198 0.08849557522123894 0.09900990099009901
1 0.9380530973451328 0.22524752475247525 0.08849557522123894 0.08415841584158416
2 0.6792035398230089 0.04950495049504951 0.09292035398230089 0.07920792079207921
3 0.8053097345132744 0.7524752475247525 0.04424778761061947 0.0891089108910891
3 0.10398230088495575 0.25 0.048672566371681415 0.08415841584158416
3 0.27876106194690264 0.6138613861386139 0.05309734513274336 0.07920792079207921
3 0.7787610619469026 0.349009900990099 0.07079646017699115 0.09405940594059406
4 0.3274336283185841 0.3217821782178218 0.07079646017699115 0.09900990099009901
