0 0.7411504424778761 0.6683168316831684 0.084070796460177 0.10891089108910891
0 0.36283185840707965 0.4381188118811881 0.08849557522123894 0.09405940594059406
0 0.3141592920353982 0.44554455445544555 0.07079646017699115 0.09900990099009901
2 0.9004424778761062 0.400990099009901 0.06637168141592921 0.0891089108910891
2 0.6946902654867256 0.4900990099009901 0.05309734513274336 0.06930693069306931
3 0.6814159292035398 0.4777227722772277 0.07079646017699115 0.06435643564356436
3 0.9446902654867256 0.9034653465346535 0.0752212389380531 0.07425742574257425
3 0.7300884955752213 0.5024752475247525 0.09734513274336283 0.09405940594059406
3 0.4269911504424779 0.21534653465346534 0.0752212389380531 0.10396039603960396
3 0.6769911504424779 0.38366336633663367 0.10619469026548672 0.08415841584158416
4 0.6814159292035398 0.1311881188118812 0.07079646017699115 0.09405940594059406
