0 0.7367256637168141 0.9282178217821783 0.084070796460177 0.11386138613861387
0 0.1592920353982301 0.2004950495049505 0.08849557522123894 0.07425742574257425
0 0.5331858407079646 0.1608910891089109 0.10176991150442478 0.07425742574257425
0 0.41814159292035397 0.5495049504950495 0.084070796460177 0.09900990099009901
0 0.8783185840707964 0.6460396039603961 0.09292035398230089 0.10396039603960396
1 0.8362831858407079 0.04950495049504951 0.07964601769911504 0.09900990099009901
1 0.4491150442477876 0.21782178217821782 0.11061946902654868 0.0891089108910891
1 0.36504424778761063 0.3811881188118812 0.0752212389380531 0.09900990099009901
1 0.5154867256637168 0.6955445544554455 0.0752212389380531 0.09405940594059406
1 0.7898230088495575 0.4282178217821782 0.06637168141592921 0.08415841584158416
4 0.6946902654867256 0.8589108910891089 0.07079646017699115 0.07425742574257425
