0 0.6858407079646017 0.18811881188118812 0.07964601769911504 0.0891089108910891
0 0.7676991150442478 0.4084158415841584 0.0752212389380531 0.09405940594059406
0 0.45132743362831856 0.6534653465346535 0.07964601769911504 0.07920792079207921
0 0.6637168141592921 0.8465346534653465 0.09734513274336283 0.10891089108910891
1 0.17699115044247787 0.2103960396039604 0.07964601769911504 0.07425742574257425
1 0.9004424778761062 0.8935643564356436 0.09292035398230089 0.09405940594059406
1 0.11283185840707964 0.33910891089108913 0.084070796460177 0.10396039603960396
2 0.9092920353982301 0.39851485148514854 0.0752212389380531 0.08415841584158416
3 0.07079646017699115 0.452970297029703 0.07964601769911504 0.06435643564356436
3 0.336283185840708 0.8316831683168316 0.061946902654867256 0.09900990099009901
