0 0.5486725663716814 0.2376237623762376 0.09734513274336283 0.10891089108910891
0 0.2234513274336283 0.8589108910891089 0.10176991150442478 0.11386138613861387
1 0.497787610619469 0.9207920792079208 0.0752212389380531 0.07920792079207921
2 0.13938053097345132 0.8564356435643564 0.09292035398230089 0.06930693069306931
2 0.831858407079646 0.31683168316831684 0.08849557522123894 0.06930693069306931
2 0.3407079646017699 0.2301980198019802 0.07079646017699115 0.09405940594059406
3 0.3185840707964602 0.32673267326732675 0.07079646017699115 0.06930693069306931
3 0.1415929203539823 0.6138613861386139 0.08849557522123894 0.0891089108910891
3 0.3163716814159292 0.5297029702970297 0.0752212389380531 0.06930693069306931
3 0.4889380530973451 0.47277227722772275 0.06637168141592921 0.06435643564356436
