0 0.8362831858407079 0.801980198019802 0.09734513274336283 0.07920792079207921
0 0.22787610619469026 0.6905940594059405 0.084070796460177 0.08415841584158416
0 0.18141592920353983 0.7079207920792079 0.08849557522123894 0.1188118811881188
0 0.17699115044247787 0.5123762376237624 0.07964601769911504 0.09405940594059406
0 0.5 0.6757425742574258 0.08849557522123894 0.09405940594059406
1 0.9469026548672567 0.05198019801980198 0.09734513274336283 0.10396039603960396
1 0.4690265486725664 0.23267326732673269 0.07964601769911504 0.0594059405940594
1 0.36283185840707965 0.38613861386138615 0.08849557522123894 0.09900990099009901
1 0.4756637168141593 0.6039603960396039 0.084070796460177 0.0891089108910891
1 0.9402654867256637 0.2722772277227723 0.084070796460177 0.10891089108910891
4 0.13274336283185842 0.15099009900990099 0.07964601769911504 0.07425742574257425
