0 0.07743362831858407 0.12376237623762376 0.084070796460177 0.0594059405940594
0 0.8982300884955752 0.5915841584158416 0.08849557522123894 0.10396039603960396
1 0.41150442477876104 0.297029702970297 0.07964601769911504 0.07920792079207921
1 0.5022123893805309 0.650990099009901 0.10176991150442478 0.09405940594059406
1 0.918141592920354 0.3688118811881188 0.084070796460177 0.08415841584158416
1 0.1504424778761062 0.5173267326732673 0.07079646017699115 0.09405940594059406
2 0.7676991150442478 0.6633663366336634 0.06637168141592921 0.06930693069306931
2 0.831858407079646 0.31683168316831684 0.061946902654867256 0.0594059405940594
2 0.05752212389380531 0.452970297029703 0.07964601769911504 0.07425742574257425
3 0.8584070796460177 0.5594059405940595 0.07079646017699115 0.0594059405940594
