2 0.8230088495575221 0.7128712871287128 0.07964601769911504 0.0891089108910891
2 0.9336283185840708 0.6856435643564357 0.061946902654867256 0.10396039603960396
2 0.13938053097345132 0.3094059405940594 0.05752212389380531 0.09405940594059406
2 0.8207964601769911 0.6584158415841584 0.048672566371681415 0.09900990099009901
2 0.25442477876106195 0.48514851485148514 0.0752212389380531 0.06930693069306931
3 0.8561946902654868 0.5693069306930693 0.0752212389380531 0.06930693069306931
3 0.09734513274336283 0.21287128712871287 0.061946902654867256 0.0891089108910891
3 0.7411504424778761 0.8935643564356436 0.06637168141592921 0.07425742574257425
3 0.4469026548672566 0.3886138613861386 0.09734513274336283 0.09405940594059406
3 0.7345132743362832 0.3118811881188119 0.04424778761061947 0.04950495049504951
