0 0.15265486725663716 0.7945544554455446 0.09292035398230089 0.09405940594059406
0 0.6106194690265486 0.297029702970297 0.10619469026548672 0.07920792079207921
0 0.5353982300884956 0.3787128712871287 0.07964601769911504 0.11386138613861387
0 0.06858407079646017 0.8985148514851485 0.0752212389380531 0.06435643564356436
0 0.8738938053097345 0.8762376237623762 0.0752212389380531 0.0891089108910891
1 0.7323008849557522 0.806930693069307 0.0752212389380531 0.06930693069306931
1 0.5508849557522124 0.4603960396039604 0.06637168141592921 0.07920792079207921
1 0.1084070796460177 0.48514851485148514 0.084070796460177 0.09900990099009901
1 0.8738938053097345 0.49504950495049505 0.10176991150442478 0.0891089108910891
3 0.8915929203539823 0.39603960396039606 0.05752212389380531 0.0891089108910891
