0 0.06858407079646017 0.5618811881188119 0.06637168141592921 0.08415841584158416
0 0.5575221238938053 0.9603960396039604 0.09734513274336283 0.07920792079207921
0 0.1172566371681416 0.8886138613861386 0.084070796460177 0.07425742574257425
0 0.5265486725663717 0.4084158415841584 0.09734513274336283 0.10396039603960396
2 0.3185840707964602 0.2871287128712871 0.061946902654867256 0.07920792079207921
3 0.6637168141592921 0.5693069306930693 0.07079646017699115 0.07920792079207921
3 0.918141592920354 0.6064356435643564 0.048672566371681415 0.054455445544554455
3 0.19247787610619468 0.948019801980198 0.06637168141592921 0.09405940594059406
3 0.581858407079646 0.0891089108910891 0.03982300884955752 0.0594059405940594
3 0.13495575221238937 0.2103960396039604 0.0752212389380531 0.08415841584158416
4 0.15486725663716813 0.7301980198019802 0.061946902654867256 0.09405940594059406
