0 0.12168141592920353 0.9034653465346535 0.10176991150442478 0.08415841584158416
0 0.4004424778761062 0.8292079207920792 0.09292035398230089 0.08415841584158416
0 0.3915929203539823 0.7054455445544554 0.0752212389380531 0.08415841584158416
0 0.5353982300884956 0.9306930693069307 0.08849557522123894 0.10891089108910891
0 0.9469026548672567 0.7821782178217822 0.09734513274336283 0.09900990099009901
1 0.29867256637168144 0.5346534653465347 0.06637168141592921 0.07920792079207921
1 0.5221238938053098 0.7574257425742574 0.07964601769911504 0.07920792079207921
3 0.2323008849557522 0.3811881188118812 0.03982300884955752 0.0594059405940594
3 0.831858407079646 0.38366336633663367 0.07964601769911504 0.07425742574257425
3 0.13938053097345132 0.48267326732673266 0.05752212389380531 0.08415841584158416
4 0.035398230088495575 0.6485148514851485 0.07079646017699115 0.0891089108910891
