0 0.24336283185840707 0.39851485148514854 0.07964601769911504 0.08415841584158416
0 0.8473451327433629 0.6361386138613861 0.0752212389380531 0.08415841584158416
1 0.35398230088495575 0.5742574257425742 0.11504424778761062 0.10891089108910891
1 0.033185840707964605 0.9356435643564357 0.06637168141592921 0.0891089108910891
1 0.9314159292035398 0.09158415841584158 0.11061946902654868 0.10396039603960396
1 0.4668141592920354 0.7425742574257426 0.09292035398230089 0.0891089108910891
2 0.44026548672566373 0.09653465346534654 0.09292035398230089 0.08415841584158416
2 0.3230088495575221 0.10891089108910891 0.07079646017699115 0.0891089108910891
2 0.5907079646017699 0.35148514851485146 0.05752212389380531 0.0594059405940594
3 0.3495575221238938 0.5148514851485149 0.08849557522123894 0.09900990099009901
