0 0.046460176991150445 0.39603960396039606 0.09292035398230089 0.10891089108910891
0 0.7057522123893806 0.26732673267326734 0.06637168141592921 0.1188118811881188
0 0.49336283185840707 0.4084158415841584 0.0752212389380531 0.08415841584158416
0 0.8783185840707964 0.8688118811881188 0.09292035398230089 0.08415841584158416
0 0.5331858407079646 0.6782178217821783 0.084070796460177 0.1188118811881188
3 0.11061946902654868 0.45792079207920794 0.07964601769911504 0.07425742574257425
3 0.3694690265486726 0.905940594059406 0.06637168141592921 0.06930693069306931
3 0.46238938053097345 0.693069306930693 0.0752212389380531 0.07920792079207921
3 0.48672566371681414 0.9183168316831684 0.08849557522123894 0.09405940594059406
3 0.19247787610619468 0.7524752475247525 0.048672566371681415 0.06930693069306931
4 0.8141592920353983 0.12623762376237624 0.07079646017699115 0.08415841584158416
