0 0.8561946902654868 0.7425742574257426 0.10176991150442478 0.07920792079207921
0 0.2323008849557522 0.9529702970297029 0.0752212389380531 0.06435643564356436
0 0.1261061946902655 0.6460396039603961 0.10176991150442478 0.06435643564356436
0 0.5707964601769911 0.6311881188118812 0.07964601769911504 0.08415841584158416
1 0.04424778761061947 0.6683168316831684 0.07079646017699115 0.10891089108910891
1 0.5022123893805309 0.6435643564356436 0.06637168141592921 0.10891089108910891
1 0.5530973451327433 0.5495049504950495 0.10619469026548672 0.10891089108910891
2 0.47345132743362833 0.5816831683168316 0.07964601769911504 0.06435643564356436
3 0.9690265486725663 0.4752475247524752 0.061946902654867256 0.07920792079207921
3 0.7013274336283186 0.27970297029702973 0.06637168141592921 0.06435643564356436
4 0.2920353982300885 0.806930693069307 0.08849557522123894 0.07920792079207921
