0 0.4247787610619469 0.32425742574257427 0.10619469026548672 0.10396039603960396
0 0.39601769911504425 0.12376237623762376 0.06637168141592921 0.07920792079207921
0 0.12389380530973451 0.05198019801980198 0.08849557522123894 0.10396039603960396
1 0.41150442477876104 0.6831683168316832 0.07079646017699115 0.09900990099009901
1 0.9336283185840708 0.46782178217821785 0.07079646017699115 0.07425742574257425
2 0.6150442477876106 0.745049504950495 0.07964601769911504 0.10396039603960396
2 0.8407079646017699 0.4752475247524752 0.08849557522123894 0.0891089108910891
3 0.3053097345132743 0.5495049504950495 0.07079646017699115 0.07920792079207921
3 0.16371681415929204 0.46534653465346537 0.07964601769911504 0.06930693069306931
3 0.6393805309734514 0.6237623762376238 0.03982300884955752 0.0594059405940594
4 0.3893805309734513 0.6237623762376238 0.07079646017699115 0.09900990099009901
