0 0.497787610619469 0.6410891089108911 0.084070796460177 0.10396039603960396
0 0.14823008849557523 0.7326732673267327 0.10176991150442478 0.0891089108910891
0 0.38716814159292035 0.21287128712871287 0.084070796460177 0.0891089108910891
0 0.915929203539823 0.2698019801980198 0.061946902654867256 0.11386138613861387
1 0.911504424778761 0.2722772277227723 0.07964601769911504 0.09900990099009901
1 0.8805309734513275 0.26732673267326734 0.07079646017699115 0.09900990099009901
1 0.8783185840707964 0.24752475247524752 0.09292035398230089 0.09900990099009901
1 0.7765486725663717 0.09158415841584158 0.084070796460177 0.11386138613861387
2 0.26327433628318586 0.5247524752475248 0.0752212389380531 0.07920792079207921
3 0.6526548672566371 0.6633663366336634 0.0752212389380531 0.07920792079207921
