2 0.5110619469026548 0.9034653465346535 0.06637168141592921 0.08415841584158416
2 0.5973451327433629 0.26732673267326734 0.061946902654867256 0.10891089108910891
2 0.08185840707964602 0.8391089108910891 0.05752212389380531 0.06435643564356436
2 0.14823008849557523 0.8044554455445545 0.05752212389380531 0.08415841584158416
2 0.15265486725663716 0.3118811881188119 0.05752212389380531 0.10891089108910891
3 0.6327433628318584 0.31683168316831684 0.07079646017699115 0.06930693069306931
3 0.10398230088495575 0.7920792079207921 0.03982300884955752 0.06930693069306931
3 0.1902654867256637 0.2698019801980198 0.07964601769911504 0.07425742574257425
3 0.9380530973451328 0.9306930693069307 0.07964601769911504 0.0594059405940594
3 0.8738938053097345 0.9455445544554455 0.0752212389380531 0.07920792079207921
