0 0.8783185840707964 0.3886138613861386 0.09292035398230089 0.11386138613861387
0 0.0752212389380531 0.8663366336633663 0.09734513274336283 0.09900990099009901
1 0.4358407079646018 0.6287128712871287 0.0752212389380531 0.07920792079207921
1 0.8097345132743363 0.29207920792079206 0.09734513274336283 0.0891089108910891
2 0.9380530973451328 0.943069306930693 0.08849557522123894 0.07425742574257425
2 0.8893805309734514 0.504950495049505 0.07964601769911504 0.1188118811881188
2 0.5353982300884956 0.5024752475247525 0.08849557522123894 0.06435643564356436
3 0.061946902654867256 0.2079207920792079 0.05309734513274336 0.06930693069306931
3 0.9314159292035398 0.2747524752475248 0.06637168141592921 0.09405940594059406
3 0.8738938053097345 0.1782178217821782 0.05752212389380531 0.06930693069306931
4 0.9269911504424779 0.5024752475247525 0.0752212389380531 0.09405940594059406
