0 0.5907079646017699 0.31435643564356436 0.0752212389380531 0.10396039603960396
0 0.9070796460176991 0.12128712871287128 0.08849557522123894 0.08415841584158416
0 0.588495575221239 0.10891089108910891 0.08849557522123894 0.09900990099009901
0 0.827433628318584 0.7079207920792079 0.08849557522123894 0.09900990099009901
0 0.7831858407079646 0.3094059405940594 0.05309734513274336 0.06435643564356436
1 0.22123893805309736 0.7574257425742574 0.07964601769911504 0.07920792079207921
1 0.5420353982300885 0.6386138613861386 0.10176991150442478 0.0891089108910891
1 0.7787610619469026 0.43316831683168316 0.061946902654867256 0.08415841584158416
1 0.5973451327433629 0.17574257425742573 0.07079646017699115 0.09405940594059406
1 0.3672566371681416 0.46782178217821785 0.10619469026548672 0.09405940594059406
