0 0.4646017699115044 0.5198019801980198 0.061946902654867256 0.0891089108910891
1 0.43805309734513276 0.22772277227722773 0.07964601769911504 0.0594059405940594
1 0.8761061946902655 0.3118811881188119 0.10619469026548672 0.09900990099009901
1 0.7123893805309734 0.9331683168316832 0.09734513274336283 0.10396039603960396
1 0.5176991150442478 0.8217821782178217 0.10619469026548672 0.0891089108910891
2 0.5707964601769911 0.4876237623762376 0.07964601769911504 0.07425742574257425
2 0.8827433628318584 0.1905940594059406 0.06637168141592921 0.09405940594059406
2 0.7610619469026548 0.4207920792079208 0.061946902654867256 0.06930693069306931
2 0.5265486725663717 0.04702970297029703 0.05309734513274336 0.09405940594059406
3 0.4446902654867257 0.05693069306930693 0.06637168141592921 0.07425742574257425
