0 0.8119469026548672 0.36633663366336633 0.10176991150442478 0.07920792079207921
2 0.8473451327433629 0.754950495049505 0.0752212389380531 0.10396039603960396
2 0.7212389380530974 0.5297029702970297 0.07079646017699115 0.07920792079207921
2 0.3163716814159292 0.6336633663366337 0.09292035398230089 0.07920792079207921
2 0.2234513274336283 0.6534653465346535 0.10176991150442478 0.09900990099009901
3 0.6880530973451328 0.5247524752475248 0.084070796460177 0.1188118811881188
3 0.8738938053097345 0.8143564356435643 0.06637168141592921 0.08415841584158416
3 0.4026548672566372 0.4777227722772277 0.07079646017699115 0.09405940594059406
3 0.14601769911504425 0.504950495049505 0.07964601769911504 0.0594059405940594
3 0.7278761061946902 0.20297029702970298 0.09292035398230089 0.06930693069306931
4 0.6150442477876106 0.25742574257425743 0.07079646017699115 0.0891089108910891
