0 0.29867256637168144 0.2698019801980198 0.0752212389380531 0.10396039603960396
1 0.3141592920353982 0.3910891089108911 0.08849557522123894 0.1188118811881188
1 0.9092920353982301 0.5346534653465347 0.10176991150442478 0.09900990099009901
1 0.2942477876106195 0.8267326732673267 0.09292035398230089 0.0891089108910891
1 0.5486725663716814 0.6212871287128713 0.08849557522123894 0.11386138613861387
1 0.3805309734513274 0.7277227722772277 0.07964601769911504 0.07920792079207921
2 0.5353982300884956 0.4405940594059406 0.07079646017699115 0.0594059405940594
2 0.20353982300884957 0.7797029702970297 0.07079646017699115 0.08415841584158416
2 0.5353982300884956 0.2747524752475248 0.07079646017699115 0.08415841584158416
2 0.2920353982300885 0.8861386138613861 0.07079646017699115 0.07920792079207921
