0 0.9203539823008849 0.5222772277227723 0.09734513274336283 0.09405940594059406
0 0.19911504424778761 0.34405940594059403 0.07079646017699115 0.11386138613861387
0 0.7035398230088495 0.3292079207920792 0.08849557522123894 0.10396039603960396
1 0.6526548672566371 0.41089108910891087 0.084070796460177 0.10891089108910891
1 0.415929203539823 0.09900990099009901 0.061946902654867256 0.09900990099009901
1 0.7765486725663717 0.650990099009901 0.06637168141592921 0.09405940594059406
1 0.45132743362831856 0.9207920792079208 0.08849557522123894 0.07920792079207921
2 0.9513274336283186 0.849009900990099 0.061946902654867256 0.08415841584158416
2 0.8185840707964602 0.4752475247524752 0.08849557522123894 0.0594059405940594
3 0.43805309734513276 0.07673267326732673 0.08849557522123894 0.07425742574257425
4 0.8672566371681416 0.44554455445544555 0.07079646017699115 0.07920792079207921
