0 0.29867256637168144 0.06188118811881188 0.11061946902654868 0.12376237623762376
0 0.19690265486725664 0.19306930693069307 0.084070796460177 0.06930693069306931
0 0.745575221238938 0.19801980198019803 0.10176991150442478 0.0891089108910891
0 0.7057522123893806 0.7574257425742574 0.0752212389380531 0.0594059405940594
1 0.39823008849557523 0.551980198019802 0.08849557522123894 0.09405940594059406
1 0.08849557522123894 0.5321782178217822 0.09734513274336283 0.11386138613861387
1 0.05309734513274336 0.5445544554455446 0.07079646017699115 0.07920792079207921
1 0.18584070796460178 0.10396039603960396 0.09734513274336283 0.0891089108910891
2 0.6526548672566371 0.19306930693069307 0.084070796460177 0.06930693069306931
3 0.8849557522123894 0.14603960396039603 0.07964601769911504 0.08415841584158416
