0 0.6526548672566371 0.8217821782178217 0.06637168141592921 0.0891089108910891
2 0.9469026548672567 0.13613861386138615 0.07964601769911504 0.07425742574257425
2 0.3141592920353982 0.3316831683168317 0.061946902654867256 0.09900990099009901
2 0.4358407079646018 0.8118811881188119 0.06637168141592921 0.07920792079207921
2 0.7743362831858407 0.7896039603960396 0.07079646017699115 0.08415841584158416
3 0.5862831858407079 0.7772277227722773 0.05752212389380531 0.0594059405940594
3 0.9513274336283186 0.1311881188118812 0.07964601769911504 0.06435643564356436
3 0.8893805309734514 0.32425742574257427 0.061946902654867256 0.09405940594059406
3 0.7146017699115044 0.6089108910891089 0.084070796460177 0.0594059405940594
3 0.8827433628318584 0.297029702970297 0.0752212389380531 0.0891089108910891
4 0.09734513274336283 0.3415841584158416 0.07079646017699115 0.09900990099009901
