0 0.41150442477876104 0.693069306930693 0.061946902654867256 0.07920792079207921
0 0.8827433628318584 0.11138613861386139 0.09292035398230089 0.09405940594059406
1 0.6592920353982301 0.9282178217821783 0.09734513274336283 0.08415841584158416
1 0.584070796460177 0.8143564356435643 0.09734513274336283 0.06435643564356436
1 0.831858407079646 0.6806930693069307 0.05309734513274336 0.08415841584158416
1 0.8407079646017699 0.6732673267326733 0.07964601769911504 0.07920792079207921
2 0.3495575221238938 0.6435643564356436 0.08849557522123894 0.09900990099009901
2 0.14823008849557523 0.8044554455445545 0.06637168141592921 0.10396039603960396
2 0.39601769911504425 0.5816831683168316 0.0752212389380531 0.10396039603960396
3 0.07079646017699115 0.7227722772277227 0.061946902654867256 0.0891089108910891
