0 0.6703539823008849 0.16831683168316833 0.084070796460177 0.07920792079207921
0 0.1836283185840708 0.8267326732673267 0.0752212389380531 0.0891089108910891
0 0.8938053097345132 0.0891089108910891 0.07079646017699115 0.10891089108910891
0 0.7190265486725663 0.5792079207920792 0.09292035398230089 0.0891089108910891
1 0.19690265486725664 0.29455445544554454 0.10176991150442478 0.09405940594059406
1 0.09070796460176991 0.7277227722772277 0.0752212389380531 0.0891089108910891
2 0.5752212389380531 0.1905940594059406 0.08849557522123894 0.08415841584158416
3 0.2809734513274336 0.08415841584158416 0.06637168141592921 0.06930693069306931
3 0.4756637168141593 0.3564356435643564 0.084070796460177 0.09900990099009901
3 0.8539823008849557 0.3935643564356436 0.07964601769911504 0.06435643564356436
4 0.7323008849557522 0.4158415841584158 0.09292035398230089 0.09900990099009901
