0 0.5995575221238938 0.9133663366336634 0.084070796460177 0.11386138613861387
0 0.09292035398230089 0.693069306930693 0.061946902654867256 0.0891089108910891
0 0.5508849557522124 0.2599009900990099 0.11061946902654868 0.09405940594059406
1 0.11946902654867257 0.2698019801980198 0.08849557522123894 0.09405940594059406
1 0.17035398230088494 0.2202970297029703 0.10176991150442478 0.09405940594059406
1 0.75 0.7846534653465347 0.084070796460177 0.10396039603960396
2 0.22123893805309736 0.07920792079207921 0.07964601769911504 0.0891089108910891
2 0.7632743362831859 0.4207920792079208 0.0752212389380531 0.0891089108910891
3 0.5353982300884956 0.900990099009901 0.061946902654867256 0.07920792079207921
3 0.8694690265486725 0.7004950495049505 0.084070796460177 0.11386138613861387
