0 0.8761061946902655 0.2301980198019802 0.09734513274336283 0.10396039603960396
0 0.6283185840707964 0.10891089108910891 0.07964601769911504 0.06930693069306931
0 0.8938053097345132 0.09653465346534654 0.08849557522123894 0.08415841584158416
1 0.7522123893805309 0.48514851485148514 0.09734513274336283 0.0891089108910891
2 0.3827433628318584 0.36386138613861385 0.0752212389380531 0.07425742574257425
2 0.8871681415929203 0.31683168316831684 0.0752212389380531 0.0891089108910891
3 0.8429203539823009 0.4207920792079208 0.05752212389380531 0.0891089108910891
3 0.9336283185840708 0.10396039603960396 0.061946902654867256 0.06930693069306931
3 0.046460176991150445 0.8514851485148515 0.0752212389380531 0.0594059405940594
3 0.6526548672566371 0.7326732673267327 0.0752212389380531 0.0891089108910891
