1 0.4491150442477876 0.7747524752475248 0.084070796460177 0.09405940594059406
1 0.6858407079646017 0.13366336633663367 0.09734513274336283 0.07920792079207921
1 0.9358407079646017 0.8193069306930693 0.0752212389380531 0.10396039603960396
1 0.6371681415929203 0.4900990099009901 0.07964601769911504 0.09900990099009901
2 0.5553097345132744 0.4405940594059406 0.084070796460177 0.10891089108910891
2 0.9734513274336283 0.5965346534653465 0.05309734513274336 0.08415841584158416
2 0.827433628318584 0.8737623762376238 0.07079646017699115 0.06435643564356436
2 0.7588495575221239 0.2079207920792079 0.084070796460177 0.07920792079207921
2 0.37389380530973454 0.14108910891089108 0.0752212389380531 0.08415841584158416
3 0.7345132743362832 0.8737623762376238 0.061946902654867256 0.06435643564356436
4 0.665929203539823 0.38613861386138615 0.0752212389380531 0.0891089108910891
