0 0.05530973451327434 0.04207920792079208 0.09292035398230089 0.07425742574257425
0 0.5420353982300885 0.6039603960396039 0.084070796460177 0.09900990099009901
1 0.48672566371681414 0.44554455445544555 0.09734513274336283 0.10891089108910891
1 0.9314159292035398 0.07673267326732673 0.05752212389380531 0.10396039603960396
2 0.6902654867256637 0.4801980198019802 0.07079646017699115 0.07920792079207921
2 0.05752212389380531 0.5371287128712872 0.07964601769911504 0.06435643564356436
2 0.29646017699115046 0.3217821782178218 0.07079646017699115 0.09900990099009901
3 0.415929203539823 0.5618811881188119 0.07964601769911504 0.07425742574257425
3 0.5530973451327433 0.24504950495049505 0.061946902654867256 0.08415841584158416
3 0.5199115044247787 0.8242574257425742 0.0752212389380531 0.07425742574257425
4 0.23893805309734514 0.11138613861386139 0.07079646017699115 0.08415841584158416
