0 0.6017699115044248 0.11386138613861387 0.07079646017699115 0.10891089108910891
0 0.2831858407079646 0.9158415841584159 0.061946902654867256 0.06930693069306931
1 0.49336283185840707 0.32425742574257427 0.09292035398230089 0.12376237623762376
1 0.33849557522123896 0.4207920792079208 0.10176991150442478 0.0891089108910891
1 0.588495575221239 0.7277227722772277 0.07079646017699115 0.0891089108910891
2 0.5442477876106194 0.10643564356435643 0.08849557522123894 0.07425742574257425
2 0.4469026548672566 0.599009900990099 0.07964601769911504 0.0891089108910891
2 0.27876106194690264 0.6089108910891089 0.07079646017699115 0.0891089108910891
3 0.9137168141592921 0.22772277227722773 0.06637168141592921 0.06930693069306931
3 0.03982300884955752 0.400990099009901 0.04424778761061947 0.0891089108910891
