0 0.9092920353982301 0.11633663366336634 0.084070796460177 0.12376237623762376
1 0.19911504424778761 0.5396039603960396 0.07964601769911504 0.0891089108910891
1 0.5730088495575221 0.3094059405940594 0.0752212389380531 0.10396039603960396
2 0.6305309734513275 0.8242574257425742 0.06637168141592921 0.08415841584158416
2 0.8650442477876106 0.4207920792079208 0.084070796460177 0.0891089108910891
2 0.7300884955752213 0.39603960396039606 0.07079646017699115 0.09900990099009901
2 0.27654867256637167 0.29455445544554454 0.084070796460177 0.054455445544554455
3 0.38716814159292035 0.9331683168316832 0.05752212389380531 0.10396039603960396
3 0.5995575221238938 0.7574257425742574 0.05752212389380531 0.06930693069306931
3 0.497787610619469 0.5965346534653465 0.084070796460177 0.08415841584158416
