0 0.5973451327433629 0.8613861386138614 0.07964601769911504 0.1188118811881188
0 0.09734513274336283 0.8985148514851485 0.09734513274336283 0.10396039603960396
0 0.9092920353982301 0.6262376237623762 0.09292035398230089 0.08415841584158416
1 0.7964601769911505 0.6262376237623762 0.08849557522123894 0.06435643564356436
1 0.6438053097345132 0.4801980198019802 0.06637168141592921 0.06930693069306931
1 0.5331858407079646 0.5915841584158416 0.0752212389380531 0.08415841584158416
1 0.6526548672566371 0.7920792079207921 0.0752212389380531 0.07920792079207921
1 0.7809734513274337 0.7871287128712872 0.06637168141592921 0.0891089108910891
2 0.2345132743362832 0.28217821782178215 0.04424778761061947 0.09900990099009901
2 0.5464601769911505 0.49504950495049505 0.05752212389380531 0.06930693069306931
