0 0.34292035398230086 0.801980198019802 0.11061946902654868 0.0891089108910891
1 0.48008849557522126 0.6881188118811881 0.06637168141592921 0.0891089108910891
1 0.4424778761061947 0.7326732673267327 0.08849557522123894 0.07920792079207921
1 0.7323008849557522 0.35148514851485146 0.084070796460177 0.09900990099009901
2 0.5176991150442478 0.8044554455445545 0.061946902654867256 0.054455445544554455
2 0.05752212389380531 0.2202970297029703 0.07964601769911504 0.06435643564356436
2 0.35176991150442477 0.905940594059406 0.05752212389380531 0.0891089108910891
2 0.084070796460177 0.8589108910891089 0.07964601769911504 0.09405940594059406
3 0.5464601769911505 0.8217821782178217 0.0752212389380531 0.09900990099009901
3 0.413716814159292 0.5767326732673267 0.05752212389380531 0.09405940594059406
