0 0.34513274336283184 0.9158415841584159 0.07079646017699115 0.10891089108910891
0 0.5951327433628318 0.4876237623762376 0.0752212389380531 0.09405940594059406
0 0.43805309734513276 0.2995049504950495 0.08849557522123894 0.10396039603960396
2 0.9137168141592921 0.5346534653465347 0.06637168141592921 0.06930693069306931
2 0.2013274336283186 0.8539603960396039 0.0752212389380531 0.09405940594059406
3 0.4491150442477876 0.7301980198019802 0.06637168141592921 0.07425742574257425
3 0.08628318584070796 0.7871287128712872 0.0752212389380531 0.07920792079207921
3 0.9380530973451328 0.5247524752475248 0.07079646017699115 0.09900990099009901
3 0.5353982300884956 0.11633663366336634 0.061946902654867256 0.08415841584158416
3 0.5907079646017699 0.32673267326732675 0.0752212389380531 0.0891089108910891
