0 0.47123893805309736 0.6534653465346535 0.084070796460177 0.0891089108910891
1 0.8362831858407079 0.849009900990099 0.07964601769911504 0.08415841584158416
1 0.5663716814159292 0.6287128712871287 0.07079646017699115 0.07920792079207921
1 0.7146017699115044 0.45792079207920794 0.0752212389380531 0.07425742574257425
2 0.36283185840707965 0.2376237623762376 0.061946902654867256 0.09900990099009901
2 0.8473451327433629 0.6460396039603961 0.05752212389380531 0.06435643564356436
2 0.1836283185840708 0.23267326732673269 0.09292035398230089 0.07920792079207921
2 0.5553097345132744 0.3094059405940594 0.0752212389380531 0.06435643564356436
3 0.6924778761061947 0.8415841584158416 0.09292035398230089 0.06930693069306931
3 0.46238938053097345 0.13861386138613863 0.09292035398230089 0.06930693069306931
4 0.168141592920354 0.08663366336633663 0.07964601769911504 0.06435643564356436
