0 0.3008849557522124 0.27970297029702973 0.08849557522123894 0.09405940594059406
0 0.415929203539823 0.8044554455445545 0.07079646017699115 0.09405940594059406
2 0.41150442477876104 0.11386138613861387 0.04424778761061947 0.06930693069306931
2 0.5199115044247787 0.5074257425742574 0.084070796460177 0.06435643564356436
2 0.6150442477876106 0.599009900990099 0.061946902654867256 0.07920792079207921
3 0.6548672566371682 0.6732673267326733 0.07964601769911504 0.06930693069306931
3 0.7787610619469026 0.5816831683168316 0.061946902654867256 0.10396039603960396
3 0.23672566371681417 0.6905940594059405 0.06637168141592921 0.08415841584158416
3 0.5022123893805309 0.7797029702970297 0.048672566371681415 0.09405940594059406
3 0.7013274336283186 0.43316831683168316 0.10176991150442478 0.09405940594059406
