0 0.4336283185840708 0.06930693069306931 0.07964601769911504 0.1188118811881188
0 0.6128318584070797 0.36633663366336633 0.09292035398230089 0.09900990099009901
1 0.8982300884955752 0.38613861386138615 0.07079646017699115 0.07920792079207921
1 0.4557522123893805 0.7599009900990099 0.08849557522123894 0.08415841584158416
1 0.7190265486725663 0.14356435643564355 0.084070796460177 0.0891089108910891
1 0.7610619469026548 0.8514851485148515 0.07964601769911504 0.09900990099009901
2 0.5707964601769911 0.9034653465346535 0.061946902654867256 0.054455445544554455
2 0.5066371681415929 0.27722772277227725 0.06637168141592921 0.07920792079207921
2 0.4269911504424779 0.29455445544554454 0.0752212389380531 0.08415841584158416
3 0.38716814159292035 0.8811881188118812 0.048672566371681415 0.07920792079207921
4 0.915929203539823 0.6138613861386139 0.061946902654867256 0.07920792079207921
