0 0.3495575221238938 0.7351485148514851 0.05309734513274336 0.10396039603960396
0 0.7256637168141593 0.7029702970297029 0.09734513274336283 0.10891089108910891
0 0.5110619469026548 0.8143564356435643 0.09292035398230089 0.06435643564356436
0 0.7477876106194691 0.31435643564356436 0.08849557522123894 0.10396039603960396
0 0.17920353982300885 0.09900990099009901 0.0752212389380531 0.09900990099009901
1 0.9380530973451328 0.5495049504950495 0.09734513274336283 0.10891089108910891
1 0.6769911504424779 0.7004950495049505 0.09734513274336283 0.08415841584158416
1 0.12168141592920353 0.8415841584158416 0.0752212389380531 0.09900990099009901
3 0.17035398230088494 0.25495049504950495 0.06637168141592921 0.10396039603960396
3 0.5243362831858407 0.14108910891089108 0.06637168141592921 0.07425742574257425
4 0.6106194690265486 0.7648514851485149 0.09734513274336283 0.08415841584158416
