0 0.19911504424778761 0.3589108910891089 0.07079646017699115 0.09405940594059406
0 0.4646017699115044 0.054455445544554455 0.10619469026548672 0.0891089108910891
0 0.5464601769911505 0.32425742574257427 0.084070796460177 0.07425742574257425
0 0.09955752212389381 0.6757425742574258 0.10176991150442478 0.11386138613861387
1 0.4314159292035398 0.6955445544554455 0.09292035398230089 0.11386138613861387
1 0.10176991150442478 0.9133663366336634 0.07964601769911504 0.06435643564356436
2 0.8960176991150443 0.05198019801980198 0.09292035398230089 0.08415841584158416
3 0.3030973451327434 0.8118811881188119 0.0752212389380531 0.07920792079207921
3 0.6769911504424779 0.7054455445544554 0.07964601769911504 0.07425742574257425
3 0.11283185840707964 0.3787128712871287 0.0752212389380531 0.04455445544554455
