0 0.7831858407079646 0.6039603960396039 0.08849557522123894 0.0891089108910891
0 0.7699115044247787 0.5272277227722773 0.07964601769911504 0.10396039603960396
0 0.8252212389380531 0.19554455445544555 0.09292035398230089 0.10396039603960396
1 0.4336283185840708 0.28465346534653463 0.07079646017699115 0.08415841584158416
1 0.922566371681416 0.16584158415841585 0.06637168141592921 0.09405940594059406
2 0.36504424778761063 0.4777227722772277 0.05752212389380531 0.07425742574257425
2 0.1415929203539823 0.29207920792079206 0.07964601769911504 0.06930693069306931
3 0.3163716814159292 0.10891089108910891 0.0752212389380531 0.0594059405940594
3 0.09734513274336283 0.7301980198019802 0.061946902654867256 0.08415841584158416
3 0.19690265486725664 0.7029702970297029 0.06637168141592921 0.0891089108910891
