0 0.5376106194690266 0.948019801980198 0.06637168141592921 0.06435643564356436
0 0.046460176991150445 0.452970297029703 0.09292035398230089 0.12376237623762376
0 0.6349557522123894 0.6782178217821783 0.09292035398230089 0.07920792079207921
0 0.3075221238938053 0.8638613861386139 0.09292035398230089 0.08415841584158416
1 0.5663716814159292 0.07920792079207921 0.08849557522123894 0.12871287128712872
2 0.32079646017699115 0.849009900990099 0.0752212389380531 0.07425742574257425
3 0.2345132743362832 0.8861386138613861 0.05309734513274336 0.07920792079207921
3 0.9048672566371682 0.900990099009901 0.06637168141592921 0.0891089108910891
3 0.21902654867256638 0.6905940594059405 0.06637168141592921 0.08415841584158416
3 0.8915929203539823 0.24257425742574257 0.0752212389380531 0.06930693069306931
