0 0.8561946902654868 0.5396039603960396 0.09292035398230089 0.12871287128712872
1 0.05530973451327434 0.7153465346534653 0.09292035398230089 0.10396039603960396
1 0.7278761061946902 0.5123762376237624 0.0752212389380531 0.10396039603960396
1 0.24336283185840707 0.30445544554455445 0.061946902654867256 0.07425742574257425
2 0.2610619469026549 0.3886138613861386 0.061946902654867256 0.11386138613861387
2 0.4690265486725664 0.30445544554455445 0.07964601769911504 0.08415841584158416
2 0.6238938053097345 0.6212871287128713 0.07079646017699115 0.09405940594059406
2 0.7566371681415929 0.45544554455445546 0.07079646017699115 0.10891089108910891
3 0.08628318584070796 0.5643564356435643 0.06637168141592921 0.0594059405940594
3 0.046460176991150445 0.6683168316831684 0.05752212389380531 0.0891089108910891
