0 0.2588495575221239 0.3069306930693069 0.11061946902654868 0.09900990099009901
0 0.08849557522123894 0.4900990099009901 0.07964601769911504 0.0891089108910891
1 0.4247787610619469 0.8737623762376238 0.07079646017699115 0.07425742574257425
1 0.672566371681416 0.39603960396039606 0.07964601769911504 0.07920792079207921
2 0.2721238938053097 0.4430693069306931 0.06637168141592921 0.09405940594059406
2 0.5973451327433629 0.452970297029703 0.08849557522123894 0.08415841584158416
2 0.23008849557522124 0.801980198019802 0.07079646017699115 0.06930693069306931
3 0.059734513274336286 0.06683168316831684 0.084070796460177 0.08415841584158416
3 0.2168141592920354 0.2698019801980198 0.07079646017699115 0.09405940594059406
3 0.24778761061946902 0.42326732673267325 0.07964601769911504 0.09405940594059406
4 0.9092920353982301 0.5247524752475248 0.084070796460177 0.06930693069306931
