1 0.6150442477876106 0.07425742574257425 0.061946902654867256 0.09900990099009901
1 0.7278761061946902 0.6905940594059405 0.084070796460177 0.08415841584158416
1 0.7853982300884956 0.41089108910891087 0.084070796460177 0.07920792079207921
1 0.26327433628318586 0.034653465346534656 0.084070796460177 0.06930693069306931
1 0.5176991150442478 0.12128712871287128 0.07079646017699115 0.08415841584158416
2 0.7787610619469026 0.5198019801980198 0.07964601769911504 0.07920792079207921
2 0.8584070796460177 0.07920792079207921 0.07964601769911504 0.07920792079207921
2 0.672566371681416 0.7400990099009901 0.08849557522123894 0.10396039603960396
2 0.8783185840707964 0.400990099009901 0.09292035398230089 0.07920792079207921
2 0.5199115044247787 0.7277227722772277 0.0752212389380531 0.07920792079207921
4 0.588495575221239 0.14108910891089108 0.07964601769911504 0.06435643564356436
