0 0.3694690265486726 0.41336633663366334 0.10176991150442478 0.07425742574257425
0 0.5331858407079646 0.6336633663366337 0.10176991150442478 0.09900990099009901
1 0.5287610619469026 0.7153465346534653 0.0752212389380531 0.10396039603960396
1 0.6969026548672567 0.42326732673267325 0.0752212389380531 0.07425742574257425
1 0.09292035398230089 0.22277227722772278 0.08849557522123894 0.10891089108910891
2 0.38495575221238937 0.6163366336633663 0.07079646017699115 0.06435643564356436
2 0.3141592920353982 0.9257425742574258 0.05309734513274336 0.06930693069306931
2 0.5530973451327433 0.5321782178217822 0.035398230088495575 0.09405940594059406
3 0.15265486725663716 0.6089108910891089 0.06637168141592921 0.0891089108910891
3 0.4004424778761062 0.4801980198019802 0.084070796460177 0.0891089108910891
