0 0.8141592920353983 0.7821782178217822 0.07964601769911504 0.09900990099009901
0 0.2831858407079646 0.6287128712871287 0.061946902654867256 0.06930693069306931
0 0.6747787610619469 0.5891089108910891 0.0752212389380531 0.09900990099009901
1 0.8473451327433629 0.754950495049505 0.05752212389380531 0.06435643564356436
1 0.5575221238938053 0.5173267326732673 0.08849557522123894 0.08415841584158416
1 0.5066371681415929 0.3069306930693069 0.084070796460177 0.0891089108910891
1 0.14601769911504425 0.4900990099009901 0.09734513274336283 0.09900990099009901
2 0.3230088495575221 0.4084158415841584 0.07079646017699115 0.08415841584158416
2 0.5154867256637168 0.2524752475247525 0.05752212389380531 0.0891089108910891
3 0.5 0.650990099009901 0.05309734513274336 0.07425742574257425
4 0.9048672566371682 0.12623762376237624 0.06637168141592921 0.09405940594059406
