0 0.18584070796460178 0.25495049504950495 0.07964601769911504 0.10396039603960396
0 0.3185840707964602 0.07178217821782178 0.07079646017699115 0.10396039603960396
0 0.48008849557522126 0.2896039603960396 0.09292035398230089 0.09405940594059406
0 0.8407079646017699 0.24752475247524752 0.061946902654867256 0.07920792079207921
1 0.3252212389380531 0.9381188118811881 0.09292035398230089 0.12376237623762376
1 0.8473451327433629 0.5618811881188119 0.06637168141592921 0.09405940594059406
1 0.13938053097345132 0.6881188118811881 0.11061946902654868 0.10891089108910891
1 0.75 0.46782178217821785 0.0752212389380531 0.10396039603960396
1 0.3185840707964602 0.9034653465346535 0.08849557522123894 0.10396039603960396
2 0.24336283185840707 0.1707920792079208 0.05309734513274336 0.09405940594059406
