0 0.5420353982300885 0.25 0.06637168141592921 0.08415841584158416
0 0.14823008849557523 0.48267326732673266 0.11061946902654868 0.12376237623762376
0 0.15265486725663716 0.6361386138613861 0.0752212389380531 0.09405940594059406
0 0.3008849557522124 0.3564356435643564 0.08849557522123894 0.1188118811881188
1 0.7433628318584071 0.47277227722772275 0.05309734513274336 0.08415841584158416
2 0.2168141592920354 0.28465346534653463 0.07079646017699115 0.08415841584158416
3 0.16150442477876106 0.7128712871287128 0.06637168141592921 0.04950495049504951
3 0.29867256637168144 0.6089108910891089 0.09292035398230089 0.06930693069306931
3 0.6172566371681416 0.3589108910891089 0.06637168141592921 0.09405940594059406
3 0.831858407079646 0.5618811881188119 0.09734513274336283 0.07425742574257425
4 0.665929203539823 0.900990099009901 0.06637168141592921 0.09900990099009901
