0 0.44026548672566373 0.4381188118811881 0.09292035398230089 0.12376237623762376
0 0.3893805309734513 0.6361386138613861 0.09734513274336283 0.08415841584158416
0 0.4823008849557522 0.7326732673267327 0.07964601769911504 0.09900990099009901
1 0.4004424778761062 0.4084158415841584 0.09292035398230089 0.10396039603960396
1 0.17256637168141592 0.08415841584158416 0.07079646017699115 0.0594059405940594
1 0.9092920353982301 0.5074257425742574 0.10176991150442478 0.10396039603960396
2 0.668141592920354 0.8985148514851485 0.061946902654867256 0.09405940594059406
2 0.37168141592920356 0.5346534653465347 0.061946902654867256 0.0891089108910891
3 0.497787610619469 0.11138613861386139 0.05752212389380531 0.07425742574257425
3 0.1902654867256637 0.6113861386138614 0.061946902654867256 0.06435643564356436
