0 0.06415929203539823 0.7475247524752475 0.084070796460177 0.09900990099009901
0 0.05309734513274336 0.21782178217821782 0.10619469026548672 0.1188118811881188
0 0.8738938053097345 0.6732673267326733 0.09292035398230089 0.09900990099009901
1 0.06858407079646017 0.35148514851485146 0.11061946902654868 0.1188118811881188
1 0.8761061946902655 0.35148514851485146 0.09734513274336283 0.0891089108910891
2 0.42920353982300885 0.5693069306930693 0.07964601769911504 0.09900990099009901
2 0.06637168141592921 0.5965346534653465 0.08849557522123894 0.07425742574257425
3 0.8141592920353983 0.25495049504950495 0.08849557522123894 0.06435643564356436
3 0.3141592920353982 0.5024752475247525 0.09734513274336283 0.08415841584158416
3 0.37610619469026546 0.08663366336633663 0.061946902654867256 0.09405940594059406
