0 0.6349557522123894 0.25 0.10176991150442478 0.08415841584158416
1 0.3672566371681416 0.48267326732673266 0.09734513274336283 0.09405940594059406
1 0.661504424778761 0.7920792079207921 0.084070796460177 0.07920792079207921
2 0.49557522123893805 0.09653465346534654 0.07964601769911504 0.09405940594059406
2 0.3053097345132743 0.18811881188118812 0.04424778761061947 0.07920792079207921
2 0.34292035398230086 0.29207920792079206 0.084070796460177 0.09900990099009901
2 0.4269911504424779 0.06683168316831684 0.09292035398230089 0.08415841584158416
3 0.8960176991150443 0.1608910891089109 0.05752212389380531 0.054455445544554455
3 0.5973451327433629 0.9306930693069307 0.04424778761061947 0.04950495049504951
3 0.7256637168141593 0.33910891089108913 0.07079646017699115 0.08415841584158416
