1 0.6084070796460177 0.18564356435643564 0.10176991150442478 0.08415841584158416
1 0.36283185840707965 0.943069306930693 0.07964601769911504 0.08415841584158416
1 0.1415929203539823 0.06188118811881188 0.08849557522123894 0.10396039603960396
1 0.3805309734513274 0.29207920792079206 0.08849557522123894 0.0891089108910891
2 0.8827433628318584 0.5247524752475248 0.09292035398230089 0.04950495049504951
2 0.38495575221238937 0.7079207920792079 0.07079646017699115 0.0891089108910891
2 0.19690265486725664 0.18316831683168316 0.0752212389380531 0.07920792079207921
2 0.4225663716814159 0.8663366336633663 0.0752212389380531 0.0891089108910891
2 0.581858407079646 0.5742574257425742 0.084070796460177 0.07920792079207921
3 0.2013274336283186 0.25742574257425743 0.06637168141592921 0.07920792079207921
