0 0.9048672566371682 0.6064356435643564 0.11061946902654868 0.11386138613861387
0 0.922566371681416 0.18564356435643564 0.084070796460177 0.12376237623762376
0 0.33185840707964603 0.24504950495049505 0.07079646017699115 0.08415841584158416
0 0.7942477876106194 0.28217821782178215 0.09292035398230089 0.0594059405940594
0 0.7676991150442478 0.47029702970297027 0.0752212389380531 0.0891089108910891
1 0.030973451327433628 0.7599009900990099 0.061946902654867256 0.10396039603960396
1 0.8207964601769911 0.599009900990099 0.0752212389380531 0.07920792079207921
3 0.6637168141592921 0.5594059405940595 0.05309734513274336 0.0891089108910891
3 0.3827433628318584 0.7772277227722773 0.0752212389380531 0.04950495049504951
3 0.2234513274336283 0.08415841584158416 0.084070796460177 0.0891089108910891
