0 0.6747787610619469 0.8341584158415841 0.09292035398230089 0.07425742574257425
0 0.23008849557522124 0.19306930693069307 0.09734513274336283 0.12871287128712872
0 0.7278761061946902 0.6113861386138614 0.09292035398230089 0.09405940594059406
0 0.7831858407079646 0.13366336633663367 0.07079646017699115 0.09900990099009901
0 0.5309734513274337 0.2698019801980198 0.07964601769911504 0.10396039603960396
3 0.2168141592920354 0.8391089108910891 0.07079646017699115 0.08415841584158416
3 0.6548672566371682 0.6534653465346535 0.061946902654867256 0.07920792079207921
3 0.3561946902654867 0.594059405940594 0.05752212389380531 0.07920792079207921
3 0.4690265486725664 0.9306930693069307 0.061946902654867256 0.06930693069306931
3 0.28761061946902655 0.45544554455445546 0.07964601769911504 0.0594059405940594
4 0.42920353982300885 0.7797029702970297 0.08849557522123894 0.054455445544554455
