0 0.6415929203539823 0.6188118811881188 0.09734513274336283 0.10891089108910891
0 0.413716814159292 0.5495049504950495 0.0752212389380531 0.10891089108910891
0 0.21017699115044247 0.5247524752475248 0.09292035398230089 0.07920792079207921
0 0.8982300884955752 0.6608910891089109 0.07079646017699115 0.09405940594059406
1 0.4358407079646018 0.8811881188118812 0.09292035398230089 0.09900990099009901
1 0.061946902654867256 0.4158415841584158 0.07964601769911504 0.07920792079207921
1 0.20353982300884957 0.9405940594059405 0.09734513274336283 0.0891089108910891
2 0.11061946902654868 0.5346534653465347 0.07964601769911504 0.07920792079207921
3 0.7123893805309734 0.46534653465346537 0.061946902654867256 0.07920792079207921
3 0.4668141592920354 0.5074257425742574 0.0752212389380531 0.08415841584158416
4 0.13938053097345132 0.47029702970297027 0.0752212389380531 0.0891089108910891
