1 0.5641592920353983 0.8811881188118812 0.0752212389380531 0.07920792079207921
1 0.6902654867256637 0.6806930693069307 0.09734513274336283 0.10396039603960396
1 0.6769911504424779 0.06930693069306931 0.08849557522123894 0.10891089108910891
1 0.22123893805309736 0.28217821782178215 0.061946902654867256 0.07920792079207921
1 0.3230088495575221 0.19306930693069307 0.10619469026548672 0.06930693069306931
2 0.08185840707964602 0.7871287128712872 0.09292035398230089 0.09900990099009901
2 0.1836283185840708 0.07425742574257425 0.0752212389380531 0.07920792079207921
2 0.43805309734513276 0.556930693069307 0.04424778761061947 0.07425742574257425
2 0.11946902654867257 0.8193069306930693 0.07964601769911504 0.08415841584158416
2 0.8805309734513275 0.8341584158415841 0.061946902654867256 0.07425742574257425
4 0.2588495575221239 0.1608910891089109 0.06637168141592921 0.054455445544554455
