0 0.7256637168141593 0.6683168316831684 0.09734513274336283 0.09900990099009901
0 0.048672566371681415 0.400990099009901 0.08849557522123894 0.07920792079207921
0 0.5376106194690266 0.5247524752475248 0.11061946902654868 0.06930693069306931
0 0.5376106194690266 0.7351485148514851 0.0752212389380531 0.09405940594059406
0 0.48451327433628316 0.2376237623762376 0.0752212389380531 0.0891089108910891
1 0.838495575221239 0.5792079207920792 0.084070796460177 0.1188118811881188
1 0.40486725663716816 0.10148514851485149 0.0752212389380531 0.09405940594059406
3 0.29867256637168144 0.9207920792079208 0.0752212389380531 0.07920792079207921
3 0.7699115044247787 0.17326732673267325 0.05309734513274336 0.07920792079207921
3 0.7986725663716814 0.297029702970297 0.048672566371681415 0.0891089108910891
4 0.36504424778761063 0.41336633663366334 0.084070796460177 0.09405940594059406
