0 0.8738938053097345 0.09405940594059406 0.0752212389380531 0.09900990099009901
0 0.6460176991150443 0.19801980198019803 0.061946902654867256 0.09900990099009901
0 0.5022123893805309 0.9579207920792079 0.084070796460177 0.08415841584158416
1 0.7323008849557522 0.9504950495049505 0.0752212389380531 0.0891089108910891
2 0.08185840707964602 0.7896039603960396 0.084070796460177 0.054455445544554455
2 0.34292035398230086 0.6633663366336634 0.084070796460177 0.0594059405940594
3 0.048672566371681415 0.0891089108910891 0.07964601769911504 0.07920792079207921
3 0.9535398230088495 0.5693069306930693 0.05752212389380531 0.0891089108910891
3 0.7831858407079646 0.2698019801980198 0.07079646017699115 0.07425742574257425
3 0.7013274336283186 0.5792079207920792 0.0752212389380531 0.06930693069306931
4 0.915929203539823 0.5544554455445545 0.07964601769911504 0.07920792079207921
