0 0.9446902654867256 0.6782178217821783 0.09292035398230089 0.09900990099009901
0 0.9446902654867256 0.32673267326732675 0.10176991150442478 0.10891089108910891
0 0.413716814159292 0.698019801980198 0.10176991150442478 0.0891089108910891
0 0.7831858407079646 0.18564356435643564 0.061946902654867256 0.07425742574257425
0 0.4756637168141593 0.8341584158415841 0.06637168141592921 0.054455445544554455
3 0.061946902654867256 0.19306930693069307 0.07964601769911504 0.0891089108910891
3 0.5442477876106194 0.5074257425742574 0.07079646017699115 0.08415841584158416
3 0.7831858407079646 0.650990099009901 0.09734513274336283 0.09405940594059406
3 0.40707964601769914 0.4430693069306931 0.07964601769911504 0.08415841584158416
3 0.6460176991150443 0.5668316831683168 0.07964601769911504 0.08415841584158416
4 0.5530973451327433 0.10643564356435643 0.07964601769911504 0.08415841584158416
