1 0.838495575221239 0.5742574257425742 0.11061946902654868 0.1188118811881188
1 0.2411504424778761 0.7648514851485149 0.06637168141592921 0.08415841584158416
2 0.9623893805309734 0.31435643564356436 0.0752212389380531 0.09405940594059406
2 0.3694690265486726 0.7079207920792079 0.05752212389380531 0.0891089108910891
2 0.6592920353982301 0.8514851485148515 0.07964601769911504 0.0594059405940594
2 0.8672566371681416 0.9356435643564357 0.07079646017699115 0.07920792079207921
2 0.5 0.08415841584158416 0.07964601769911504 0.07920792079207921
3 0.1836283185840708 0.7252475247524752 0.06637168141592921 0.09405940594059406
3 0.6349557522123894 0.7623762376237624 0.0752212389380531 0.07920792079207921
3 0.4092920353982301 0.3935643564356436 0.0752212389380531 0.08415841584158416
4 0.4646017699115044 0.5123762376237624 0.07079646017699115 0.08415841584158416
