0 0.9402654867256637 0.16336633663366337 0.09292035398230089 0.09900990099009901
0 0.6017699115044248 0.29455445544554454 0.07964601769911504 0.10396039603960396
0 0.39823008849557523 0.8613861386138614 0.09734513274336283 0.07920792079207921
0 0.7013274336283186 0.45792079207920794 0.10176991150442478 0.10396039603960396
0 0.8783185840707964 0.19554455445544555 0.0752212389380531 0.12376237623762376
1 0.4225663716814159 0.4628712871287129 0.0752212389380531 0.08415841584158416
1 0.30973451327433627 0.47029702970297027 0.08849557522123894 0.0891089108910891
1 0.19911504424778761 0.5693069306930693 0.07964601769911504 0.07920792079207921
1 0.06858407079646017 0.2623762376237624 0.084070796460177 0.09900990099009901
3 0.8407079646017699 0.75 0.061946902654867256 0.08415841584158416
