0 0.25 0.12623762376237624 0.084070796460177 0.09405940594059406
0 0.28982300884955753 0.3341584158415842 0.084070796460177 0.08415841584158416
1 0.4269911504424779 0.8861386138613861 0.06637168141592921 0.0891089108910891
2 0.6084070796460177 0.3217821782178218 0.0752212389380531 0.0891089108910891
2 0.6548672566371682 0.46782178217821785 0.08849557522123894 0.07425742574257425
2 0.49336283185840707 0.2524752475247525 0.06637168141592921 0.06930693069306931
3 0.19911504424778761 0.17574257425742573 0.08849557522123894 0.08415841584158416
3 0.665929203539823 0.4306930693069307 0.0752212389380531 0.0891089108910891
3 0.6061946902654868 0.49504950495049505 0.04424778761061947 0.0594059405940594
3 0.7013274336283186 0.2995049504950495 0.06637168141592921 0.07425742574257425
