0 0.3030973451327434 0.5594059405940595 0.09292035398230089 0.10891089108910891
0 0.5508849557522124 0.5965346534653465 0.084070796460177 0.08415841584158416
1 0.8960176991150443 0.7871287128712872 0.0752212389380531 0.10891089108910891
1 0.5110619469026548 0.8391089108910891 0.0752212389380531 0.11386138613861387
1 0.7787610619469026 0.8242574257425742 0.07079646017699115 0.08415841584158416
2 0.21238938053097345 0.9529702970297029 0.07079646017699115 0.054455445544554455
2 0.7787610619469026 0.11386138613861387 0.07964601769911504 0.09900990099009901
2 0.4336283185840708 0.30198019801980197 0.09734513274336283 0.09900990099009901
3 0.035398230088495575 0.7029702970297029 0.061946902654867256 0.09900990099009901
3 0.9668141592920354 0.4430693069306931 0.05752212389380531 0.08415841584158416
