0 0.48008849557522126 0.7747524752475248 0.0752212389380531 0.11386138613861387
0 0.24557522123893805 0.8118811881188119 0.10176991150442478 0.09900990099009901
0 0.4491150442477876 0.4603960396039604 0.10176991150442478 0.10891089108910891
0 0.5398230088495575 0.24257425742574257 0.07964601769911504 0.0891089108910891
1 0.5221238938053098 0.15594059405940594 0.07964601769911504 0.09405940594059406
1 0.6261061946902655 0.5594059405940595 0.0752212389380531 0.0891089108910891
1 0.6150442477876106 0.30445544554455445 0.061946902654867256 0.07425742574257425
1 0.18141592920353983 0.7400990099009901 0.10619469026548672 0.09405940594059406
2 0.7986725663716814 0.03217821782178218 0.06637168141592921 0.06435643564356436
3 0.8296460176991151 0.4405940594059406 0.06637168141592921 0.07920792079207921
4 0.3030973451327434 0.30445544554455445 0.06637168141592921 0.06435643564356436
