0 0.5995575221238938 0.5693069306930693 0.09292035398230089 0.0891089108910891
0 0.4269911504424779 0.4801980198019802 0.09292035398230089 0.10891089108910891
1 0.46017699115044247 0.7178217821782178 0.061946902654867256 0.0891089108910891
1 0.8716814159292036 0.8787128712871287 0.07964601769911504 0.10396039603960396
2 0.334070796460177 0.38366336633663367 0.084070796460177 0.08415841584158416
2 0.05309734513274336 0.47029702970297027 0.07964601769911504 0.0891089108910891
2 0.05752212389380531 0.08168316831683169 0.05309734513274336 0.06435643564356436
3 0.7057522123893806 0.37623762376237624 0.09292035398230089 0.1188118811881188
3 0.8938053097345132 0.29455445544554454 0.05309734513274336 0.09405940594059406
3 0.1504424778761062 0.4405940594059406 0.07079646017699115 0.07920792079207921
