0 0.3893805309734513 0.45792079207920794 0.08849557522123894 0.10396039603960396
1 0.19469026548672566 0.30198019801980197 0.07079646017699115 0.0891089108910891
2 0.7367256637168141 0.2202970297029703 0.05752212389380531 0.07425742574257425
2 0.8207964601769911 0.26485148514851486 0.084070796460177 0.08415841584158416
2 0.059734513274336286 0.745049504950495 0.048672566371681415 0.08415841584158416
2 0.5110619469026548 0.6485148514851485 0.0752212389380531 0.07920792079207921
3 0.7411504424778761 0.7153465346534653 0.09292035398230089 0.10396039603960396
3 0.6039823008849557 0.5742574257425742 0.05752212389380531 0.0891089108910891
3 0.7920353982300885 0.49257425742574257 0.07079646017699115 0.06435643564356436
3 0.34292035398230086 0.37623762376237624 0.06637168141592921 0.0891089108910891
4 0.8561946902654868 0.6435643564356436 0.0752212389380531 0.07920792079207921
