0 0.7610619469026548 0.801980198019802 0.08849557522123894 0.09900990099009901
0 0.3030973451327434 0.03217821782178218 0.0752212389380531 0.06435643564356436
0 0.838495575221239 0.6361386138613861 0.0752212389380531 0.08415841584158416
1 0.8207964601769911 0.40594059405940597 0.09292035398230089 0.0891089108910891
2 0.9026548672566371 0.5470297029702971 0.05309734513274336 0.08415841584158416
2 0.8517699115044248 0.8341584158415841 0.084070796460177 0.06435643564356436
3 0.08628318584070796 0.5742574257425742 0.084070796460177 0.09900990099009901
3 0.7101769911504425 0.24504950495049505 0.09292035398230089 0.07425742574257425
3 0.6482300884955752 0.452970297029703 0.05752212389380531 0.06435643564356436
3 0.37831858407079644 0.46534653465346537 0.06637168141592921 0.06930693069306931
4 0.9247787610619469 0.556930693069307 0.07079646017699115 0.10396039603960396
