0 0.40707964601769914 0.45792079207920794 0.08849557522123894 0.09405940594059406
0 0.9247787610619469 0.5618811881188119 0.08849557522123894 0.08415841584158416
2 0.5553097345132744 0.22277227722772278 0.05752212389380531 0.07920792079207921
2 0.08849557522123894 0.19554455445544555 0.035398230088495575 0.08415841584158416
2 0.5641592920353983 0.6955445544554455 0.0752212389380531 0.07425742574257425
3 0.07079646017699115 0.6435643564356436 0.07079646017699115 0.09900990099009901
3 0.6703539823008849 0.46782178217821785 0.084070796460177 0.10396039603960396
3 0.41150442477876104 0.7054455445544554 0.07964601769911504 0.054455445544554455
3 0.059734513274336286 0.8465346534653465 0.06637168141592921 0.0891089108910891
3 0.17035398230088494 0.7326732673267327 0.084070796460177 0.07920792079207921
