0 0.3473451327433628 0.6460396039603961 0.11061946902654868 0.10396039603960396
0 0.31194690265486724 0.5965346534653465 0.0752212389380531 0.08415841584158416
0 0.4424778761061947 0.5321782178217822 0.061946902654867256 0.08415841584158416
0 0.8296460176991151 0.7920792079207921 0.084070796460177 0.07920792079207921
0 0.059734513274336286 0.5668316831683168 0.09292035398230089 0.11386138613861387
1 0.13274336283185842 0.14356435643564355 0.09734513274336283 0.07920792079207921
1 0.12389380530973451 0.2301980198019802 0.07964601769911504 0.08415841584158416
1 0.6106194690265486 0.599009900990099 0.10619469026548672 0.07920792079207921
1 0.49557522123893805 0.19801980198019803 0.07964601769911504 0.06930693069306931
1 0.6261061946902655 0.14108910891089108 0.05752212389380531 0.09405940594059406
4 0.32964601769911506 0.12871287128712872 0.0752212389380531 0.06930693069306931
