0 0.9557522123893806 0.1905940594059406 0.07079646017699115 0.11386138613861387
0 0.413716814159292 0.3465346534653465 0.0752212389380531 0.0891089108910891
0 0.8982300884955752 0.0297029702970297 0.07964601769911504 0.0594059405940594
0 0.24336283185840707 0.849009900990099 0.10619469026548672 0.10396039603960396
1 0.252212389380531 0.8564356435643564 0.07079646017699115 0.09900990099009901
2 0.6902654867256637 0.12128712871287128 0.08849557522123894 0.06435643564356436
3 0.5508849557522124 0.5742574257425742 0.05752212389380531 0.0594059405940594
3 0.48008849557522126 0.5767326732673267 0.06637168141592921 0.10396039603960396
3 0.7079646017699115 0.3712871287128713 0.061946902654867256 0.0594059405940594
3 0.4690265486725664 0.7599009900990099 0.061946902654867256 0.06435643564356436
