0 0.23893805309734514 0.4603960396039604 0.07964601769911504 0.1188118811881188
0 0.9424778761061947 0.5470297029702971 0.07079646017699115 0.08415841584158416
0 0.41814159292035397 0.6757425742574258 0.11061946902654868 0.10396039603960396
0 0.7367256637168141 0.8960396039603961 0.0752212389380531 0.09900990099009901
2 0.17920353982300885 0.6237623762376238 0.084070796460177 0.10891089108910891
3 0.6637168141592921 0.17326732673267325 0.07079646017699115 0.09900990099009901
3 0.3561946902654867 0.8242574257425742 0.05752212389380531 0.09405940594059406
3 0.059734513274336286 0.1782178217821782 0.09292035398230089 0.0594059405940594
3 0.6769911504424779 0.25742574257425743 0.061946902654867256 0.07920792079207921
3 0.2610619469026549 0.5668316831683168 0.061946902654867256 0.09405940594059406
