1 0.2345132743362832 0.4603960396039604 0.09734513274336283 0.10891089108910891
2 0.8938053097345132 0.10396039603960396 0.07964601769911504 0.0891089108910891
2 0.7809734513274337 0.6336633663366337 0.0752212389380531 0.07920792079207921
2 0.3030973451327434 0.6287128712871287 0.03982300884955752 0.07920792079207921
2 0.665929203539823 0.5198019801980198 0.0752212389380531 0.0891089108910891
2 0.497787610619469 0.04950495049504951 0.0752212389380531 0.0891089108910891
3 0.5508849557522124 0.6584158415841584 0.05752212389380531 0.0594059405940594
3 0.9668141592920354 0.745049504950495 0.06637168141592921 0.07425742574257425
3 0.38495575221238937 0.9108910891089109 0.07079646017699115 0.0891089108910891
3 0.09513274336283185 0.7301980198019802 0.05752212389380531 0.06435643564356436
4 0.29646017699115046 0.24504950495049505 0.07964601769911504 0.09405940594059406
