0 0.497787610619469 0.3564356435643564 0.06637168141592921 0.1188118811881188
2 0.48672566371681414 0.9331683168316832 0.07964601769911504 0.07425742574257425
2 0.5309734513274337 0.10148514851485149 0.07079646017699115 0.11386138613861387
2 0.21460176991150443 0.44554455445544555 0.0752212389380531 0.07920792079207921
2 0.2013274336283186 0.12871287128712872 0.048672566371681415 0.07920792079207921
3 0.7433628318584071 0.6336633663366337 0.07964601769911504 0.0594059405940594
3 0.9380530973451328 0.5767326732673267 0.061946902654867256 0.07425742574257425
3 0.046460176991150445 0.9381188118811881 0.0752212389380531 0.054455445544554455
3 0.9535398230088495 0.7277227722772277 0.084070796460177 0.0891089108910891
3 0.4823008849557522 0.9455445544554455 0.07964601769911504 0.07920792079207921
