0 0.5685840707964602 0.9529702970297029 0.11061946902654868 0.06435643564356436
2 0.48451327433628316 0.8985148514851485 0.06637168141592921 0.08415841584158416
2 0.3163716814159292 0.10891089108910891 0.09292035398230089 0.07920792079207921
2 0.7964601769911505 0.650990099009901 0.05309734513274336 0.08415841584158416
2 0.5 0.8638613861386139 0.08849557522123894 0.10396039603960396
3 0.49336283185840707 0.8217821782178217 0.0752212389380531 0.0891089108910891
3 0.3030973451327434 0.12623762376237624 0.05752212389380531 0.06435643564356436
3 0.25 0.3712871287128713 0.0752212389380531 0.0891089108910891
3 0.8296460176991151 0.8465346534653465 0.084070796460177 0.07920792079207921
3 0.5154867256637168 0.3589108910891089 0.06637168141592921 0.07425742574257425
