0 0.0420353982300885 0.12376237623762376 0.084070796460177 0.09900990099009901
0 0.3606194690265487 0.599009900990099 0.084070796460177 0.0891089108910891
1 0.5530973451327433 0.6856435643564357 0.09734513274336283 0.07425742574257425
1 0.8893805309734514 0.349009900990099 0.09734513274336283 0.09405940594059406
1 0.2853982300884956 0.9158415841584159 0.09292035398230089 0.07920792079207921
1 0.15486725663716813 0.35396039603960394 0.08849557522123894 0.10396039603960396
2 0.6238938053097345 0.9108910891089109 0.09734513274336283 0.0891089108910891
2 0.048672566371681415 0.04455445544554455 0.08849557522123894 0.07920792079207921
2 0.8761061946902655 0.3564356435643564 0.07964601769911504 0.10891089108910891
3 0.08849557522123894 0.06683168316831684 0.08849557522123894 0.054455445544554455
4 0.26327433628318586 0.9306930693069307 0.0752212389380531 0.0594059405940594
