0 0.1592920353982301 0.03712871287128713 0.09734513274336283 0.07425742574257425
0 0.7920353982300885 0.0891089108910891 0.07964601769911504 0.0891089108910891
0 0.48451327433628316 0.9108910891089109 0.09292035398230089 0.09900990099009901
0 0.3672566371681416 0.7277227722772277 0.08849557522123894 0.1188118811881188
0 0.32964601769911506 0.4900990099009901 0.0752212389380531 0.0891089108910891
1 0.9402654867256637 0.6460396039603961 0.084070796460177 0.06435643564356436
1 0.5442477876106194 0.5420792079207921 0.08849557522123894 0.07425742574257425
3 0.33849557522123896 0.3886138613861386 0.09292035398230089 0.07425742574257425
3 0.5464601769911505 0.6138613861386139 0.06637168141592921 0.06930693069306931
3 0.5132743362831859 0.19306930693069307 0.07079646017699115 0.06930693069306931
