0 0.7588495575221239 0.2722772277227723 0.09292035398230089 0.09900990099009901
1 0.28982300884955753 0.5445544554455446 0.0752212389380531 0.07920792079207921
1 0.6637168141592921 0.09158415841584158 0.07964601769911504 0.11386138613861387
1 0.2345132743362832 0.33910891089108913 0.08849557522123894 0.06435643564356436
2 0.6172566371681416 0.7599009900990099 0.06637168141592921 0.06435643564356436
2 0.6991150442477876 0.36633663366336633 0.07964601769911504 0.0891089108910891
2 0.5398230088495575 0.7202970297029703 0.07964601769911504 0.10396039603960396
2 0.035398230088495575 0.7351485148514851 0.07079646017699115 0.09405940594059406
3 0.7212389380530974 0.49504950495049505 0.07964601769911504 0.0891089108910891
3 0.8451327433628318 0.9356435643564357 0.07964601769911504 0.07920792079207921
