1 0.6106194690265486 0.19306930693069307 0.07079646017699115 0.07920792079207921
2 0.30973451327433627 0.4183168316831683 0.07079646017699115 0.08415841584158416
2 0.8783185840707964 0.5841584158415841 0.06637168141592921 0.09900990099009901
2 0.9092920353982301 0.6262376237623762 0.084070796460177 0.06435643564356436
2 0.6438053097345132 0.9207920792079208 0.0752212389380531 0.06930693069306931
2 0.2168141592920354 0.8292079207920792 0.035398230088495575 0.09405940594059406
3 0.08849557522123894 0.31435643564356436 0.061946902654867256 0.06435643564356436
3 0.3893805309734513 0.5420792079207921 0.08849557522123894 0.06435643564356436
3 0.12168141592920353 0.6039603960396039 0.084070796460177 0.07920792079207921
3 0.8938053097345132 0.45792079207920794 0.07079646017699115 0.054455445544554455
4 0.8185840707964602 0.23267326732673269 0.07964601769911504 0.06930693069306931
