0 0.41150442477876104 0.7301980198019802 0.07079646017699115 0.12376237623762376
0 0.32964601769911506 0.19306930693069307 0.06637168141592921 0.09900990099009901
0 0.8429203539823009 0.43316831683168316 0.084070796460177 0.11386138613861387
0 0.9380530973451328 0.9554455445544554 0.07964601769911504 0.0891089108910891
1 0.09513274336283185 0.6138613861386139 0.084070796460177 0.09900990099009901
1 0.38495575221238937 0.5396039603960396 0.07964601769911504 0.0891089108910891
1 0.23672566371681417 0.09405940594059406 0.084070796460177 0.09900990099009901
1 0.6039823008849557 0.26485148514851486 0.10176991150442478 0.08415841584158416
2 0.334070796460177 0.16336633663366337 0.05752212389380531 0.06930693069306931
3 0.16592920353982302 0.400990099009901 0.06637168141592921 0.0891089108910891
4 0.3694690265486726 0.6856435643564357 0.09292035398230089 0.07425742574257425
