0 0.07300884955752213 0.28465346534653463 0.11061946902654868 0.11386138613861387
0 0.8362831858407079 0.8242574257425742 0.10619469026548672 0.09405940594059406
0 0.084070796460177 0.7400990099009901 0.09734513274336283 0.10396039603960396
0 0.7853982300884956 0.0594059405940594 0.0752212389380531 0.07920792079207921
0 0.2743362831858407 0.3217821782178218 0.08849557522123894 0.09900990099009901
1 0.6017699115044248 0.8267326732673267 0.07079646017699115 0.10891089108910891
1 0.16371681415929204 0.5148514851485149 0.07079646017699115 0.10891089108910891
1 0.8805309734513275 0.844059405940594 0.07964601769911504 0.10396039603960396
3 0.2079646017699115 0.3589108910891089 0.061946902654867256 0.07425742574257425
3 0.5287610619469026 0.36633663366336633 0.09292035398230089 0.0891089108910891
