0 0.18584070796460178 0.7326732673267327 0.09734513274336283 0.0891089108910891
0 0.4646017699115044 0.7896039603960396 0.08849557522123894 0.09405940594059406
0 0.31194690265486724 0.6089108910891089 0.0752212389380531 0.0594059405940594
2 0.38716814159292035 0.3935643564356436 0.0752212389380531 0.09405940594059406
2 0.08849557522123894 0.6311881188118812 0.07079646017699115 0.09405940594059406
3 0.47345132743362833 0.4034653465346535 0.061946902654867256 0.10396039603960396
3 0.12389380530973451 0.3094059405940594 0.061946902654867256 0.06435643564356436
3 0.4668141592920354 0.1905940594059406 0.084070796460177 0.10396039603960396
3 0.4778761061946903 0.9455445544554455 0.07964601769911504 0.0891089108910891
3 0.3606194690265487 0.806930693069307 0.06637168141592921 0.09900990099009901
4 0.7831858407079646 0.5346534653465347 0.061946902654867256 0.07920792079207921
