0 0.27654867256637167 0.2103960396039604 0.0752212389380531 0.07425742574257425
0 0.8230088495575221 0.5767326732673267 0.10619469026548672 0.09405940594059406
0 0.2411504424778761 0.5891089108910891 0.0752212389380531 0.09900990099009901
0 0.24557522123893805 0.5198019801980198 0.09292035398230089 0.1188118811881188
1 0.5663716814159292 0.6014851485148515 0.07964601769911504 0.08415841584158416
2 0.23672566371681417 0.18564356435643564 0.06637168141592921 0.07425742574257425
3 0.8915929203539823 0.7004950495049505 0.0752212389380531 0.08415841584158416
3 0.6880530973451328 0.35148514851485146 0.0752212389380531 0.07920792079207921
3 0.3893805309734513 0.12128712871287128 0.07964601769911504 0.09405940594059406
3 0.9380530973451328 0.4777227722772277 0.07964601769911504 0.08415841584158416
4 0.7831858407079646 0.5767326732673267 0.07964601769911504 0.08415841584158416
