0 0.588495575221239 0.41089108910891087 0.07079646017699115 0.1188118811881188
0 0.06637168141592921 0.9084158415841584 0.07079646017699115 0.10396039603960396
0 0.31194690265486724 0.3589108910891089 0.09292035398230089 0.11386138613861387
1 0.6482300884955752 0.10891089108910891 0.05752212389380531 0.0891089108910891
1 0.8296460176991151 0.7202970297029703 0.05752212389380531 0.11386138613861387
2 0.9446902654867256 0.18811881188118812 0.084070796460177 0.0891089108910891
2 0.5221238938053098 0.0594059405940594 0.07964601769911504 0.06930693069306931
3 0.9004424778761062 0.3465346534653465 0.05752212389380531 0.06930693069306931
3 0.5243362831858407 0.5198019801980198 0.05752212389380531 0.04950495049504951
3 0.21238938053097345 0.8143564356435643 0.05309734513274336 0.08415841584158416
