0 0.8827433628318584 0.12623762376237624 0.09292035398230089 0.08415841584158416
0 0.9247787610619469 0.5371287128712872 0.08849557522123894 0.08415841584158416
0 0.922566371681416 0.4876237623762376 0.06637168141592921 0.10396039603960396
1 0.7610619469026548 0.7747524752475248 0.07079646017699115 0.054455445544554455
1 0.6305309734513275 0.26732673267326734 0.09292035398230089 0.0891089108910891
2 0.918141592920354 0.7871287128712872 0.084070796460177 0.06930693069306931
2 0.9424778761061947 0.7995049504950495 0.061946902654867256 0.08415841584158416
3 0.7433628318584071 0.2995049504950495 0.09734513274336283 0.09405940594059406
3 0.07300884955752213 0.06683168316831684 0.06637168141592921 0.054455445544554455
3 0.8539823008849557 0.7772277227722773 0.061946902654867256 0.0891089108910891
