0 0.9269911504424779 0.8341584158415841 0.09292035398230089 0.10396039603960396
0 0.25 0.8712871287128713 0.0752212389380531 0.0891089108910891
1 0.5597345132743363 0.7301980198019802 0.09292035398230089 0.09405940594059406
1 0.2168141592920354 0.15841584158415842 0.08849557522123894 0.06930693069306931
1 0.37831858407079644 0.25495049504950495 0.10176991150442478 0.09405940594059406
1 0.7787610619469026 0.6287128712871287 0.10619469026548672 0.07920792079207921
2 0.3893805309734513 0.3564356435643564 0.061946902654867256 0.0891089108910891
2 0.18584070796460178 0.07673267326732673 0.07079646017699115 0.07425742574257425
2 0.23672566371681417 0.9554455445544554 0.084070796460177 0.0594059405940594
3 0.5530973451327433 0.297029702970297 0.061946902654867256 0.09900990099009901
