0 0.09955752212389381 0.25495049504950495 0.0752212389380531 0.08415841584158416
1 0.7876106194690266 0.7227722772277227 0.07079646017699115 0.07920792079207921
2 0.6548672566371682 0.4306930693069307 0.07964601769911504 0.0891089108910891
2 0.5132743362831859 0.18564356435643564 0.061946902654867256 0.06435643564356436
2 0.8628318584070797 0.06188118811881188 0.061946902654867256 0.07425742574257425
2 0.19247787610619468 0.1485148514851485 0.030973451327433628 0.0891089108910891
3 0.15486725663716813 0.34405940594059403 0.061946902654867256 0.06435643564356436
3 0.36283185840707965 0.33663366336633666 0.061946902654867256 0.06930693069306931
3 0.7323008849557522 0.29455445544554454 0.084070796460177 0.06435643564356436
3 0.48451327433628316 0.7376237623762376 0.084070796460177 0.0891089108910891
4 0.6216814159292036 0.14356435643564355 0.06637168141592921 0.07920792079207921
