0 0.8805309734513275 0.1806930693069307 0.08849557522123894 0.09405940594059406
0 0.8805309734513275 0.8861386138613861 0.08849557522123894 0.07920792079207921
0 0.581858407079646 0.3415841584158416 0.0752212389380531 0.1188118811881188
0 0.2345132743362832 0.7896039603960396 0.061946902654867256 0.08415841584158416
0 0.915929203539823 0.46534653465346537 0.05309734513274336 0.0891089108910891
1 0.084070796460177 0.36633663366336633 0.061946902654867256 0.09900990099009901
1 0.13716814159292035 0.900990099009901 0.08849557522123894 0.0891089108910891
1 0.413716814159292 0.46534653465346537 0.09292035398230089 0.0891089108910891
3 0.13495575221238937 0.8910891089108911 0.05752212389380531 0.0594059405940594
3 0.12168141592920353 0.3341584158415842 0.048672566371681415 0.06435643564356436
