0 0.75 0.3292079207920792 0.0752212389380531 0.08415841584158416
1 0.8230088495575221 0.11633663366336634 0.08849557522123894 0.11386138613861387
1 0.5309734513274337 0.43564356435643564 0.07964601769911504 0.0891089108910891
1 0.8938053097345132 0.14108910891089108 0.07964601769911504 0.09405940594059406
1 0.6084070796460177 0.32673267326732675 0.06637168141592921 0.07920792079207921
2 0.9026548672566371 0.36633663366336633 0.07079646017699115 0.07920792079207921
2 0.9380530973451328 0.6831683168316832 0.07079646017699115 0.06930693069306931
2 0.8716814159292036 0.8663366336633663 0.05309734513274336 0.06930693069306931
2 0.2743362831858407 0.04455445544554455 0.07079646017699115 0.07920792079207921
3 0.37168141592920356 0.4752475247524752 0.061946902654867256 0.09900990099009901
