0 0.918141592920354 0.5321782178217822 0.10176991150442478 0.09405940594059406
1 0.1902654867256637 0.8985148514851485 0.061946902654867256 0.08415841584158416
1 0.9137168141592921 0.42574257425742573 0.084070796460177 0.09900990099009901
1 0.4004424778761062 0.2202970297029703 0.084070796460177 0.06435643564356436
1 0.754424778761062 0.2698019801980198 0.0752212389380531 0.08415841584158416
2 0.26327433628318586 0.18811881188118812 0.06637168141592921 0.07920792079207921
2 0.6238938053097345 0.801980198019802 0.08849557522123894 0.0891089108910891
2 0.11061946902654868 0.10891089108910891 0.07964601769911504 0.06930693069306931
2 0.4778761061946903 0.09405940594059406 0.061946902654867256 0.0594059405940594
3 0.7898230088495575 0.7054455445544554 0.084070796460177 0.08415841584158416
