0 0.9623893805309734 0.20297029702970298 0.06637168141592921 0.0891089108910891
0 0.059734513274336286 0.4084158415841584 0.09292035398230089 0.09405940594059406
0 0.07743362831858407 0.07673267326732673 0.11061946902654868 0.07425742574257425
0 0.5331858407079646 0.4876237623762376 0.084070796460177 0.10396039603960396
1 0.665929203539823 0.7623762376237624 0.11946902654867257 0.1188118811881188
1 0.9469026548672567 0.5 0.08849557522123894 0.0891089108910891
1 0.5973451327433629 0.2871287128712871 0.08849557522123894 0.07920792079207921
2 0.5641592920353983 0.15346534653465346 0.084070796460177 0.09900990099009901
3 0.11504424778761062 0.6633663366336634 0.07964601769911504 0.07920792079207921
3 0.28982300884955753 0.7722772277227723 0.09292035398230089 0.09900990099009901
4 0.3584070796460177 0.5396039603960396 0.061946902654867256 0.0891089108910891
