0 0.6526548672566371 0.8292079207920792 0.06637168141592921 0.06435643564356436
0 0.5265486725663717 0.19554455445544555 0.07964601769911504 0.10396039603960396
0 0.4314159292035398 0.20297029702970298 0.10176991150442478 0.10891089108910891
0 0.30973451327433627 0.39603960396039606 0.10619469026548672 0.09900990099009901
0 0.6769911504424779 0.39851485148514854 0.07964601769911504 0.11386138613861387
1 0.754424778761062 0.7178217821782178 0.09292035398230089 0.10891089108910891
1 0.3230088495575221 0.452970297029703 0.07079646017699115 0.09405940594059406
1 0.21902654867256638 0.47277227722772275 0.09292035398230089 0.09405940594059406
3 0.9292035398230089 0.09900990099009901 0.07079646017699115 0.07920792079207921
3 0.32964601769911506 0.7054455445544554 0.06637168141592921 0.08415841584158416
