0 0.1902654867256637 0.23267326732673269 0.07964601769911504 0.0891089108910891
0 0.32964601769911506 0.3589108910891089 0.09292035398230089 0.10396039603960396
2 0.48008849557522126 0.801980198019802 0.0752212389380531 0.07920792079207921
2 0.8982300884955752 0.6237623762376238 0.08849557522123894 0.06930693069306931
2 0.18141592920353983 0.4876237623762376 0.07079646017699115 0.10396039603960396
3 0.5287610619469026 0.9207920792079208 0.05752212389380531 0.07920792079207921
3 0.028761061946902654 0.4975247524752475 0.048672566371681415 0.09405940594059406
3 0.08628318584070796 0.5 0.09292035398230089 0.06930693069306931
3 0.8893805309734514 0.8985148514851485 0.061946902654867256 0.054455445544554455
3 0.20575221238938052 0.8960396039603961 0.06637168141592921 0.0891089108910891
