2 0.6150442477876106 0.5693069306930693 0.08849557522123894 0.06930693069306931
2 0.7787610619469026 0.10891089108910891 0.05309734513274336 0.07920792079207921
2 0.7389380530973452 0.698019801980198 0.061946902654867256 0.07920792079207921
2 0.21460176991150443 0.04702970297029703 0.05752212389380531 0.06435643564356436
2 0.9446902654867256 0.2524752475247525 0.0752212389380531 0.0594059405940594
3 0.8185840707964602 0.5495049504950495 0.061946902654867256 0.09900990099009901
3 0.827433628318584 0.8886138613861386 0.08849557522123894 0.07425742574257425
3 0.32964601769911506 0.8886138613861386 0.0752212389380531 0.08415841584158416
3 0.6836283185840708 0.10643564356435643 0.048672566371681415 0.07425742574257425
3 0.3495575221238938 0.6534653465346535 0.061946902654867256 0.06930693069306931
4 0.15486725663716813 0.6782178217821783 0.061946902654867256 0.07920792079207921
