0 0.6548672566371682 0.10891089108910891 0.11504424778761062 0.07920792079207921
0 0.5486725663716814 0.49504950495049505 0.07964601769911504 0.09900990099009901
0 0.588495575221239 0.5965346534653465 0.08849557522123894 0.10396039603960396
1 0.4668141592920354 0.19801980198019803 0.10176991150442478 0.0891089108910891
1 0.8407079646017699 0.7722772277227723 0.09734513274336283 0.0891089108910891
2 0.8694690265486725 0.42574257425742573 0.048672566371681415 0.06930693069306931
2 0.5199115044247787 0.7400990099009901 0.06637168141592921 0.08415841584158416
3 0.16150442477876106 0.6064356435643564 0.09292035398230089 0.06435643564356436
3 0.8650442477876106 0.7920792079207921 0.05752212389380531 0.0594059405940594
3 0.6814159292035398 0.6782178217821783 0.061946902654867256 0.09900990099009901
4 0.336283185840708 0.3292079207920792 0.09734513274336283 0.09405940594059406
