1 0.5376106194690266 0.4603960396039604 0.0752212389380531 0.0891089108910891
1 0.581858407079646 0.15594059405940594 0.084070796460177 0.09405940594059406
1 0.7566371681415929 0.9207920792079208 0.10619469026548672 0.09900990099009901
1 0.5 0.3613861386138614 0.07964601769911504 0.1188118811881188
1 0.22566371681415928 0.5173267326732673 0.07964601769911504 0.09405940594059406
2 0.21902654867256638 0.6089108910891089 0.0752212389380531 0.06930693069306931
2 0.336283185840708 0.43316831683168316 0.061946902654867256 0.06435643564356436
2 0.7632743362831859 0.45792079207920794 0.048672566371681415 0.08415841584158416
2 0.3473451327433628 0.25495049504950495 0.09292035398230089 0.07425742574257425
2 0.8761061946902655 0.6262376237623762 0.07079646017699115 0.07425742574257425
