1 0.5221238938053098 0.2599009900990099 0.10619469026548672 0.10396039603960396
2 0.08185840707964602 0.10148514851485149 0.06637168141592921 0.07425742574257425
2 0.7323008849557522 0.9554455445544554 0.084070796460177 0.07920792079207921
2 0.5575221238938053 0.15841584158415842 0.07964601769911504 0.09900990099009901
2 0.061946902654867256 0.1311881188118812 0.035398230088495575 0.07425742574257425
2 0.5353982300884956 0.7054455445544554 0.07964601769911504 0.07425742574257425
3 0.10398230088495575 0.6608910891089109 0.06637168141592921 0.08415841584158416
3 0.9402654867256637 0.28217821782178215 0.0752212389380531 0.07920792079207921
3 0.22123893805309736 0.5717821782178217 0.061946902654867256 0.08415841584158416
3 0.09955752212389381 0.13613861386138615 0.0752212389380531 0.09405940594059406
