0 0.17035398230088494 0.8985148514851485 0.06637168141592921 0.09405940594059406
0 0.27654867256637167 0.22524752475247525 0.0752212389380531 0.08415841584158416
0 0.48672566371681414 0.7896039603960396 0.10619469026548672 0.09405940594059406
0 0.23008849557522124 0.2722772277227723 0.09734513274336283 0.10891089108910891
0 0.3075221238938053 0.556930693069307 0.0752212389380531 0.08415841584158416
1 0.13274336283185842 0.7128712871287128 0.07079646017699115 0.09900990099009901
3 0.1504424778761062 0.2599009900990099 0.061946902654867256 0.09405940594059406
3 0.8650442477876106 0.6212871287128713 0.09292035398230089 0.06435643564356436
3 0.21238938053097345 0.14603960396039603 0.08849557522123894 0.07425742574257425
3 0.4446902654867257 0.5841584158415841 0.084070796460177 0.0891089108910891
4 0.3163716814159292 0.8861386138613861 0.06637168141592921 0.06930693069306931
