1 0.048672566371681415 0.35148514851485146 0.07079646017699115 0.07920792079207921
1 0.9513274336283186 0.14108910891089108 0.09734513274336283 0.07425742574257425
1 0.22123893805309736 0.10148514851485149 0.07964601769911504 0.09405940594059406
1 0.8097345132743363 0.5 0.07079646017699115 0.07920792079207921
2 0.5088495575221239 0.3094059405940594 0.07964601769911504 0.08415841584158416
2 0.13716814159292035 0.38613861386138615 0.07964601769911504 0.0594059405940594
2 0.4424778761061947 0.12871287128712872 0.07964601769911504 0.09900990099009901
2 0.8362831858407079 0.7945544554455446 0.061946902654867256 0.08415841584158416
2 0.8185840707964602 0.04207920792079208 0.08849557522123894 0.08415841584158416
3 0.7300884955752213 0.14108910891089108 0.07964601769911504 0.09405940594059406
