1 0.4336283185840708 0.6831683168316832 0.07964601769911504 0.07920792079207921
2 0.08849557522123894 0.19554455445544555 0.061946902654867256 0.08415841584158416
2 0.4424778761061947 0.12376237623762376 0.07079646017699115 0.06930693069306931
2 0.49336283185840707 0.8044554455445545 0.0752212389380531 0.07425742574257425
2 0.2323008849557522 0.8985148514851485 0.06637168141592921 0.08415841584158416
2 0.4646017699115044 0.43316831683168316 0.08849557522123894 0.07425742574257425
3 0.20353982300884957 0.6707920792079208 0.04424778761061947 0.04455445544554455
3 0.3252212389380531 0.6064356435643564 0.0752212389380531 0.08415841584158416
3 0.3274336283185841 0.10891089108910891 0.07964601769911504 0.09900990099009901
3 0.13053097345132744 0.26732673267326734 0.09292035398230089 0.06930693069306931
4 0.8141592920353983 0.15594059405940594 0.061946902654867256 0.08415841584158416
