0 0.24336283185840707 0.3118811881188119 0.05752212389380531 0.054455445544554455
1 0.2345132743362832 0.25742574257425743 0.07964601769911504 0.07920792079207921
2 0.017699115044247787 0.19801980198019803 0.07964601769911504 0.10396039603960396
3 0.4823008849557522 0.0891089108910891 0.084070796460177 0.09405940594059406
4 0.4026548672566372 0.07425742574257425 0.07964601769911504 0.09405940594059406
5 0.6106194690265486 0.3316831683168317 0.05752212389380531 0.07920792079207921
6 0.42920353982300885 0.4603960396039604 0.06637168141592921 0.07425742574257425
7 0.6946902654867256 0.7029702970297029 0.0752212389380531 0.07425742574257425
8 0.01327433628318584 0.7178217821782178 0.06637168141592921 0.0594059405940594
9 0.07964601769911504 0.4207920792079208 0.0752212389380531 0.07920792079207921
