9 0.7493702770780857 0.6066102202159763 0.0730478589420656 0.07468139761079393
3 0.744962216624685 0.6650871636282016 0.06926952141057924 0.067635982741851
7 0.6454659949622166 0.44808838566476294 0.06171284634760696 0.07609048058458243
8 0.2399244332493703 0.6094283861635535 0.059193954659949595 0.07186323166321679
0 0.2071788413098237 0.636200962665536 0.04659949622166245 0.05495423597775399
12 0.2783375314861461 0.7468139761079382 0.055415617128463414 0.06481781679427386
6 0.40113350125944586 0.8116317929022122 0.05919395465994967 0.07609048058458243
11 0.1908060453400504 0.25222585230815275 0.0642317380352645 0.07045414868942818
5 0.24244332493702772 0.4086340623986833 0.06675062972292195 0.0789086465321595
10 0.21284634760705287 0.5671558969498965 0.05541561712846349 0.06059056787290814
