0 0.746707643697313 0.5948396094839609 0.0698090618481629 0.07670850767085077
0 0.5061156983991805 0.42608089260808923 0.0598363387269967 0.06555090655509062
0 0.5335406869823873 0.400976290097629 0.05983633872699671 0.06555090655509062
0 0.12216585823428495 0.34449093444909346 0.06980906184816282 0.07810320781032075
0 0.22251638464101903 0.41073919107391915 0.0785351945791832 0.0794979079497908
4 0.29107885609903605 0.6785216178521617 0.058589748336850926 0.06834030683403071
4 0.25430443958973603 0.6541143654114365 0.06482270028757978 0.07531380753138073
4 0.4818071857913381 0.6973500697350069 0.06108292911714251 0.0725244072524407
4 0.6183088335122993 0.8214783821478382 0.0698090618481629 0.0725244072524407
1 0.27487318102714114 0.8668061366806137 0.051110205995976335 0.05160390516039058
4 0.2885856753187445 0.8458856345885635 0.063576109897434 0.07112970711297066
