0 0.6703539823008849 0.2202970297029703 0.084070796460177 0.07425742574257425
0 0.19469026548672566 0.17326732673267325 0.08849557522123894 0.1188118811881188
0 0.4690265486725664 0.75 0.07964601769911504 0.11386138613861387
0 0.915929203539823 0.844059405940594 0.08849557522123894 0.06435643564356436
0 0.2345132743362832 0.7747524752475248 0.07964601769911504 0.09405940594059406
1 0.12168141592920353 0.655940594059406 0.10176991150442478 0.08415841584158416
1 0.0420353982300885 0.21782178217821782 0.0752212389380531 0.0891089108910891
1 0.336283185840708 0.8267326732673267 0.10619469026548672 0.07920792079207921
1 0.2234513274336283 0.6435643564356436 0.09292035398230089 0.0594059405940594
3 0.5730088495575221 0.6534653465346535 0.084070796460177 0.07920792079207921
4 0.3893805309734513 0.650990099009901 0.07079646017699115 0.06435643564356436
