0 0.3473451327433628 0.38613861386138615 0.084070796460177 0.10891089108910891
0 0.6017699115044248 0.36633663366336633 0.09734513274336283 0.0891089108910891
0 0.4092920353982301 0.8292079207920792 0.11061946902654868 0.11386138613861387
0 0.7234513274336283 0.8886138613861386 0.09292035398230089 0.08415841584158416
0 0.8207964601769911 0.5074257425742574 0.10176991150442478 0.07425742574257425
1 0.3075221238938053 0.5841584158415841 0.0752212389380531 0.07920792079207921
1 0.38716814159292035 0.43564356435643564 0.084070796460177 0.10891089108910891
1 0.5110619469026548 0.905940594059406 0.11061946902654868 0.09900990099009901
1 0.21017699115044247 0.2079207920792079 0.084070796460177 0.0891089108910891
1 0.4004424778761062 0.5247524752475248 0.09292035398230089 0.0891089108910891
4 0.06637168141592921 0.905940594059406 0.061946902654867256 0.06930693069306931
