0 0.7411504424778761 0.6064356435643564 0.0752212389380531 0.06435643564356436
0 0.48008849557522126 0.43564356435643564 0.10176991150442478 0.10891089108910891
2 0.5597345132743363 0.4752475247524752 0.048672566371681415 0.0594059405940594
2 0.9668141592920354 0.8960396039603961 0.06637168141592921 0.09900990099009901
2 0.7588495575221239 0.37376237623762376 0.06637168141592921 0.10396039603960396
3 0.26991150442477874 0.45544554455445546 0.09734513274336283 0.06930693069306931
3 0.7566371681415929 0.15594059405940594 0.07964601769911504 0.09405940594059406
3 0.6150442477876106 0.15841584158415842 0.061946902654867256 0.09900990099009901
3 0.22123893805309736 0.9356435643564357 0.061946902654867256 0.09900990099009901
3 0.8495575221238938 0.8613861386138614 0.07079646017699115 0.0594059405940594
4 0.45132743362831856 0.655940594059406 0.09734513274336283 0.09405940594059406
