0 0.5641592920353983 0.43564356435643564 0.10176991150442478 0.0891089108910891
0 0.42920353982300885 0.5420792079207921 0.09734513274336283 0.08415841584158416
0 0.8584070796460177 0.36386138613861385 0.07964601769911504 0.12376237623762376
1 0.7101769911504425 0.28465346534653463 0.0752212389380531 0.09405940594059406
1 0.6991150442477876 0.7425742574257426 0.061946902654867256 0.0891089108910891
2 0.9026548672566371 0.3217821782178218 0.07964601769911504 0.07920792079207921
2 0.9203539823008849 0.6683168316831684 0.061946902654867256 0.10891089108910891
3 0.7522123893805309 0.7524752475247525 0.08849557522123894 0.06930693069306931
3 0.7057522123893806 0.33910891089108913 0.06637168141592921 0.07425742574257425
3 0.23008849557522124 0.2202970297029703 0.05309734513274336 0.07425742574257425
4 0.5597345132743363 0.4777227722772277 0.06637168141592921 0.07425742574257425
