0 0.19247787610619468 0.7153465346534653 0.0752212389380531 0.10396039603960396
0 0.6946902654867256 0.45544554455445546 0.08849557522123894 0.07920792079207921
0 0.46017699115044247 0.8762376237623762 0.07964601769911504 0.10891089108910891
0 0.7101769911504425 0.7227722772277227 0.09292035398230089 0.0891089108910891
0 0.19469026548672566 0.45544554455445546 0.08849557522123894 0.0891089108910891
1 0.046460176991150445 0.297029702970297 0.09292035398230089 0.09900990099009901
1 0.672566371681416 0.5891089108910891 0.07964601769911504 0.09900990099009901
1 0.1902654867256637 0.551980198019802 0.08849557522123894 0.10396039603960396
1 0.5265486725663717 0.30198019801980197 0.08849557522123894 0.0891089108910891
3 0.6039823008849557 0.38366336633663367 0.05752212389380531 0.06435643564356436
4 0.5132743362831859 0.22772277227722773 0.07964601769911504 0.06930693069306931
