0 0.3584070796460177 0.8787128712871287 0.07964601769911504 0.07425742574257425
0 0.6924778761061947 0.7128712871287128 0.09292035398230089 0.0891089108910891
0 0.09513274336283185 0.3589108910891089 0.0752212389380531 0.10396039603960396
0 0.3053097345132743 0.4603960396039604 0.11504424778761062 0.09900990099009901
1 0.1084070796460177 0.16336633663366337 0.0752212389380531 0.0891089108910891
1 0.75 0.19801980198019803 0.05752212389380531 0.0891089108910891
1 0.4358407079646018 0.25495049504950495 0.084070796460177 0.11386138613861387
2 0.18805309734513273 0.8514851485148515 0.084070796460177 0.09900990099009901
3 0.37168141592920356 0.12623762376237624 0.08849557522123894 0.06435643564356436
3 0.13938053097345132 0.7722772277227723 0.0752212389380531 0.06930693069306931
4 0.7654867256637168 0.3787128712871287 0.07964601769911504 0.07425742574257425
