0 0.09070796460176991 0.47277227722772275 0.084070796460177 0.08415841584158416
0 0.168141592920354 0.37623762376237624 0.07964601769911504 0.1188118811881188
0 0.9247787610619469 0.7227722772277227 0.09734513274336283 0.07920792079207921
2 0.1415929203539823 0.8094059405940595 0.07079646017699115 0.06435643564356436
2 0.7699115044247787 0.7698019801980198 0.07964601769911504 0.07425742574257425
3 0.12831858407079647 0.8712871287128713 0.07079646017699115 0.04950495049504951
3 0.19469026548672566 0.9306930693069307 0.061946902654867256 0.06930693069306931
3 0.5088495575221239 0.5099009900990099 0.07079646017699115 0.0594059405940594
3 0.911504424778761 0.44554455445544555 0.09734513274336283 0.07920792079207921
3 0.47123893805309736 0.2103960396039604 0.0752212389380531 0.10396039603960396
4 0.09955752212389381 0.6955445544554455 0.06637168141592921 0.08415841584158416
