1 0.6084070796460177 0.7202970297029703 0.084070796460177 0.09405940594059406
2 0.04424778761061947 0.7871287128712872 0.061946902654867256 0.0891089108910891
2 0.7256637168141593 0.6707920792079208 0.07079646017699115 0.08415841584158416
2 0.6836283185840708 0.5297029702970297 0.06637168141592921 0.07920792079207921
2 0.24336283185840707 0.5693069306930693 0.07079646017699115 0.06930693069306931
2 0.8805309734513275 0.5891089108910891 0.05309734513274336 0.0594059405940594
3 0.7212389380530974 0.6163366336633663 0.061946902654867256 0.09405940594059406
3 0.1747787610619469 0.25495049504950495 0.03982300884955752 0.06435643564356436
3 0.4424778761061947 0.7747524752475248 0.07079646017699115 0.07425742574257425
3 0.16150442477876106 0.5222772277227723 0.05752212389380531 0.054455445544554455
