0 0.7278761061946902 0.5024752475247525 0.06637168141592921 0.10396039603960396
0 0.16150442477876106 0.2202970297029703 0.0752212389380531 0.11386138613861387
0 0.05752212389380531 0.8217821782178217 0.09734513274336283 0.10891089108910891
0 0.8296460176991151 0.556930693069307 0.10176991150442478 0.07425742574257425
1 0.7853982300884956 0.7153465346534653 0.10176991150442478 0.09405940594059406
1 0.37389380530973454 0.5693069306930693 0.09292035398230089 0.1188118811881188
2 0.12831858407079647 0.8094059405940595 0.07964601769911504 0.06435643564356436
3 0.8230088495575221 0.07920792079207921 0.09734513274336283 0.10891089108910891
3 0.25 0.26732673267326734 0.06637168141592921 0.07920792079207921
3 0.21460176991150443 0.3118811881188119 0.06637168141592921 0.06930693069306931
