0 0.7831858407079646 0.14108910891089108 0.08849557522123894 0.11386138613861387
0 0.13274336283185842 0.452970297029703 0.07964601769911504 0.11386138613861387
0 0.588495575221239 0.400990099009901 0.07964601769911504 0.0891089108910891
0 0.09292035398230089 0.551980198019802 0.07964601769911504 0.07425742574257425
1 0.6393805309734514 0.37623762376237624 0.09292035398230089 0.10891089108910891
1 0.6946902654867256 0.4975247524752475 0.08849557522123894 0.08415841584158416
2 0.8938053097345132 0.8960396039603961 0.061946902654867256 0.06930693069306931
3 0.084070796460177 0.32673267326732675 0.08849557522123894 0.0594059405940594
3 0.9778761061946902 0.8712871287128713 0.04424778761061947 0.0891089108910891
3 0.3075221238938053 0.43564356435643564 0.09292035398230089 0.06930693069306931
4 0.2345132743362832 0.4084158415841584 0.07079646017699115 0.06435643564356436
