0 0.17920353982300885 0.4900990099009901 0.09292035398230089 0.09900990099009901
0 0.8672566371681416 0.6485148514851485 0.061946902654867256 0.0891089108910891
0 0.10176991150442478 0.4430693069306931 0.08849557522123894 0.10396039603960396
1 0.497787610619469 0.11386138613861387 0.084070796460177 0.06930693069306931
1 0.9026548672566371 0.2103960396039604 0.10619469026548672 0.08415841584158416
1 0.8938053097345132 0.6955445544554455 0.09734513274336283 0.09405940594059406
1 0.27876106194690264 0.2400990099009901 0.09734513274336283 0.07425742574257425
2 0.5088495575221239 0.6089108910891089 0.07079646017699115 0.0891089108910891
2 0.37831858407079644 0.11138613861386139 0.084070796460177 0.07425742574257425
3 0.6349557522123894 0.5247524752475248 0.05752212389380531 0.06930693069306931
4 0.5331858407079646 0.2301980198019802 0.09292035398230089 0.10396039603960396
