0 0.2743362831858407 0.49257425742574257 0.10619469026548672 0.09405940594059406
1 0.16371681415929204 0.3465346534653465 0.07079646017699115 0.06930693069306931
1 0.3185840707964602 0.45792079207920794 0.08849557522123894 0.08415841584158416
1 0.922566371681416 0.5445544554455446 0.084070796460177 0.09900990099009901
1 0.504424778761062 0.8564356435643564 0.07964601769911504 0.07920792079207921
2 0.21460176991150443 0.26732673267326734 0.03982300884955752 0.06930693069306931
2 0.07300884955752213 0.943069306930693 0.09292035398230089 0.09405940594059406
2 0.39601769911504425 0.22524752475247525 0.0752212389380531 0.08415841584158416
2 0.834070796460177 0.24504950495049505 0.06637168141592921 0.07425742574257425
3 0.9137168141592921 0.11386138613861387 0.048672566371681415 0.04950495049504951
