1 0.5862831858407079 0.4282178217821782 0.09292035398230089 0.10396039603960396
2 0.34292035398230086 0.6163366336633663 0.06637168141592921 0.08415841584158416
2 0.048672566371681415 0.12623762376237624 0.07964601769911504 0.08415841584158416
2 0.6880530973451328 0.698019801980198 0.06637168141592921 0.10891089108910891
2 0.05752212389380531 0.13366336633663367 0.08849557522123894 0.04950495049504951
2 0.1261061946902655 0.349009900990099 0.06637168141592921 0.08415841584158416
3 0.36283185840707965 0.29455445544554454 0.07079646017699115 0.09405940594059406
3 0.5353982300884956 0.39851485148514854 0.05309734513274336 0.09405940594059406
3 0.12389380530973451 0.2524752475247525 0.061946902654867256 0.09900990099009901
3 0.1592920353982301 0.6707920792079208 0.061946902654867256 0.07425742574257425
