2 0.36283185840707965 0.7277227722772277 0.07079646017699115 0.06930693069306931
2 0.5132743362831859 0.8242574257425742 0.07964601769911504 0.054455445544554455
2 0.47345132743362833 0.45792079207920794 0.07964601769911504 0.07425742574257425
2 0.18805309734513273 0.6113861386138614 0.06637168141592921 0.10396039603960396
2 0.4225663716814159 0.6336633663366337 0.0752212389380531 0.0891089108910891
3 0.8561946902654868 0.6237623762376238 0.06637168141592921 0.07920792079207921
3 0.6283185840707964 0.48514851485148514 0.08849557522123894 0.0594059405940594
3 0.4778761061946903 0.8341584158415841 0.061946902654867256 0.08415841584158416
3 0.7853982300884956 0.33663366336633666 0.0752212389380531 0.0891089108910891
3 0.0420353982300885 0.4034653465346535 0.05752212389380531 0.09405940594059406
