0 0.09292035398230089 0.4752475247524752 0.07079646017699115 0.09900990099009901
2 0.9203539823008849 0.4777227722772277 0.08849557522123894 0.09405940594059406
2 0.5442477876106194 0.8168316831683168 0.08849557522123894 0.07920792079207921
2 0.6637168141592921 0.9529702970297029 0.08849557522123894 0.08415841584158416
2 0.28761061946902655 0.4752475247524752 0.061946902654867256 0.09900990099009901
3 0.6814159292035398 0.7846534653465347 0.07964601769911504 0.06435643564356436
3 0.8185840707964602 0.6064356435643564 0.04424778761061947 0.07425742574257425
3 0.8407079646017699 0.32425742574257427 0.061946902654867256 0.06435643564356436
3 0.7123893805309734 0.9381188118811881 0.07079646017699115 0.06435643564356436
3 0.5154867256637168 0.7896039603960396 0.06637168141592921 0.08415841584158416
