0 0.2853982300884956 0.4207920792079208 0.0752212389380531 0.09900990099009901
0 0.03761061946902655 0.3094059405940594 0.0752212389380531 0.10396039603960396
0 0.838495575221239 0.2400990099009901 0.084070796460177 0.08415841584158416
0 0.8893805309734514 0.3613861386138614 0.07079646017699115 0.10891089108910891
1 0.7079646017699115 0.3217821782178218 0.07964601769911504 0.07920792079207921
2 0.13053097345132744 0.6534653465346535 0.06637168141592921 0.07920792079207921
3 0.10176991150442478 0.5198019801980198 0.05309734513274336 0.0891089108910891
3 0.13495575221238937 0.35148514851485146 0.0752212389380531 0.06930693069306931
3 0.75 0.5816831683168316 0.048672566371681415 0.11386138613861387
3 0.27876106194690264 0.2103960396039604 0.061946902654867256 0.06435643564356436
