0 0.33185840707964603 0.06930693069306931 0.061946902654867256 0.09900990099009901
0 0.6991150442477876 0.8712871287128713 0.08849557522123894 0.1188118811881188
0 0.6526548672566371 0.18564356435643564 0.084070796460177 0.10396039603960396
1 0.9048672566371682 0.3886138613861386 0.084070796460177 0.09405940594059406
1 0.5353982300884956 0.21782178217821782 0.08849557522123894 0.1188118811881188
2 0.39601769911504425 0.6039603960396039 0.10176991150442478 0.06930693069306931
2 0.2079646017699115 0.8688118811881188 0.09734513274336283 0.07425742574257425
3 0.13938053097345132 0.14356435643564355 0.0752212389380531 0.06930693069306931
3 0.19911504424778761 0.41089108910891087 0.08849557522123894 0.0891089108910891
3 0.1592920353982301 0.4306930693069307 0.07079646017699115 0.0891089108910891
