0 0.745575221238938 0.25 0.0752212389380531 0.07425742574257425
2 0.3584070796460177 0.6089108910891089 0.08849557522123894 0.09900990099009901
2 0.8407079646017699 0.38366336633663367 0.07079646017699115 0.08415841584158416
2 0.6305309734513275 0.9084158415841584 0.06637168141592921 0.09405940594059406
2 0.8650442477876106 0.09158415841584158 0.09292035398230089 0.10396039603960396
3 0.9535398230088495 0.8267326732673267 0.0752212389380531 0.07920792079207921
3 0.7765486725663717 0.49504950495049505 0.06637168141592921 0.04950495049504951
3 0.9269911504424779 0.47029702970297027 0.05752212389380531 0.07920792079207921
3 0.7256637168141593 0.2301980198019802 0.07079646017699115 0.09405940594059406
3 0.06415929203539823 0.698019801980198 0.05752212389380531 0.07920792079207921
4 0.7699115044247787 0.22277227722772278 0.07964601769911504 0.07920792079207921
