0 0.577433628318584 0.8960396039603961 0.09292035398230089 0.10891089108910891
1 0.661504424778761 0.15594059405940594 0.05752212389380531 0.08415841584158416
1 0.48451327433628316 0.8589108910891089 0.0752212389380531 0.10396039603960396
1 0.36283185840707965 0.5767326732673267 0.09734513274336283 0.09405940594059406
1 0.9402654867256637 0.7277227722772277 0.084070796460177 0.09900990099009901
2 0.6858407079646017 0.08415841584158416 0.07079646017699115 0.0891089108910891
2 0.43805309734513276 0.7475247524752475 0.07079646017699115 0.06930693069306931
2 0.13053097345132744 0.17574257425742573 0.05752212389380531 0.07425742574257425
2 0.49336283185840707 0.5891089108910891 0.06637168141592921 0.07920792079207921
3 0.43805309734513276 0.3415841584158416 0.07964601769911504 0.0594059405940594
4 0.838495575221239 0.32425742574257427 0.084070796460177 0.06435643564356436
