0 0.9424778761061947 0.8292079207920792 0.08849557522123894 0.08415841584158416
0 0.32079646017699115 0.05198019801980198 0.0752212389380531 0.08415841584158416
0 0.4469026548672566 0.34405940594059403 0.07079646017699115 0.08415841584158416
0 0.7588495575221239 0.5891089108910891 0.0752212389380531 0.09900990099009901
0 0.334070796460177 0.22772277227722773 0.09292035398230089 0.10891089108910891
1 0.922566371681416 0.21534653465346534 0.06637168141592921 0.09405940594059406
1 0.6880530973451328 0.504950495049505 0.09292035398230089 0.09900990099009901
1 0.4358407079646018 0.29455445544554454 0.0752212389380531 0.08415841584158416
1 0.2079646017699115 0.41336633663366334 0.08849557522123894 0.11386138613861387
3 0.21902654867256638 0.452970297029703 0.05752212389380531 0.07425742574257425
4 0.05752212389380531 0.11386138613861387 0.061946902654867256 0.07920792079207921
