0 0.581858407079646 0.12623762376237624 0.06637168141592921 0.10396039603960396
0 0.13053097345132744 0.24504950495049505 0.09292035398230089 0.10396039603960396
0 0.5353982300884956 0.5544554455445545 0.10619469026548672 0.10891089108910891
0 0.6438053097345132 0.7425742574257426 0.0752212389380531 0.0891089108910891
2 0.7986725663716814 0.8242574257425742 0.10176991150442478 0.09405940594059406
3 0.7898230088495575 0.9257425742574258 0.0752212389380531 0.0891089108910891
3 0.23672566371681417 0.5742574257425742 0.06637168141592921 0.0594059405940594
3 0.9137168141592921 0.8836633663366337 0.048672566371681415 0.09405940594059406
3 0.8473451327433629 0.504950495049505 0.084070796460177 0.0891089108910891
3 0.2234513274336283 0.8663366336633663 0.06637168141592921 0.0891089108910891
