1 0.7477876106194691 0.24257425742574257 0.08849557522123894 0.0891089108910891
2 0.16592920353982302 0.23514851485148514 0.09292035398230089 0.06435643564356436
2 0.41814159292035397 0.18564356435643564 0.048672566371681415 0.08415841584158416
2 0.7278761061946902 0.9257425742574258 0.0752212389380531 0.09900990099009901
2 0.2809734513274336 0.3564356435643564 0.06637168141592921 0.0891089108910891
2 0.6327433628318584 0.6163366336633663 0.08849557522123894 0.07425742574257425
3 0.252212389380531 0.8316831683168316 0.08849557522123894 0.07920792079207921
3 0.4092920353982301 0.9603960396039604 0.0752212389380531 0.06930693069306931
3 0.7765486725663717 0.7524752475247525 0.05752212389380531 0.06930693069306931
3 0.41814159292035397 0.21534653465346534 0.03982300884955752 0.07425742574257425
