0 0.7190265486725663 0.6311881188118812 0.11061946902654868 0.11386138613861387
0 0.5442477876106194 0.7400990099009901 0.09734513274336283 0.09405940594059406
0 0.6570796460176991 0.9133663366336634 0.10176991150442478 0.11386138613861387
0 0.9424778761061947 0.33910891089108913 0.08849557522123894 0.10396039603960396
1 0.8738938053097345 0.34405940594059403 0.06637168141592921 0.08415841584158416
1 0.7168141592920354 0.8366336633663366 0.07964601769911504 0.09900990099009901
1 0.8871681415929203 0.23267326732673269 0.09292035398230089 0.0891089108910891
1 0.2676991150442478 0.801980198019802 0.06637168141592921 0.0891089108910891
1 0.3230088495575221 0.7351485148514851 0.07964601769911504 0.08415841584158416
2 0.6283185840707964 0.11633663366336634 0.08849557522123894 0.09405940594059406
