0 0.2411504424778761 0.47029702970297027 0.0752212389380531 0.09900990099009901
0 0.9314159292035398 0.09158415841584158 0.084070796460177 0.07425742574257425
0 0.4247787610619469 0.7772277227722773 0.07079646017699115 0.09900990099009901
0 0.0752212389380531 0.7029702970297029 0.07079646017699115 0.09900990099009901
1 0.8761061946902655 0.3564356435643564 0.061946902654867256 0.09900990099009901
1 0.8606194690265486 0.7029702970297029 0.09292035398230089 0.09900990099009901
1 0.6548672566371682 0.9628712871287128 0.07079646017699115 0.07425742574257425
1 0.6261061946902655 0.8539603960396039 0.09292035398230089 0.09405940594059406
2 0.6991150442477876 0.900990099009901 0.07079646017699115 0.09900990099009901
3 0.1261061946902655 0.6881188118811881 0.05752212389380531 0.07920792079207921
