0 0.05530973451327434 0.5445544554455446 0.0752212389380531 0.0891089108910891
0 0.8030973451327433 0.8589108910891089 0.11061946902654868 0.11386138613861387
0 0.5553097345132744 0.6831683168316832 0.084070796460177 0.0891089108910891
2 0.11061946902654868 0.5594059405940595 0.08849557522123894 0.09900990099009901
2 0.26548672566371684 0.45544554455445546 0.07964601769911504 0.0891089108910891
3 0.1415929203539823 0.4603960396039604 0.04424778761061947 0.06930693069306931
3 0.9004424778761062 0.21782178217821782 0.06637168141592921 0.10891089108910891
3 0.32964601769911506 0.7400990099009901 0.084070796460177 0.11386138613861387
3 0.8827433628318584 0.7376237623762376 0.05752212389380531 0.0891089108910891
3 0.8584070796460177 0.7896039603960396 0.07079646017699115 0.10396039603960396
4 0.834070796460177 0.4306930693069307 0.05752212389380531 0.06930693069306931
