0 0.6592920353982301 0.2599009900990099 0.08849557522123894 0.10396039603960396
2 0.8650442477876106 0.3935643564356436 0.09292035398230089 0.08415841584158416
2 0.6482300884955752 0.5198019801980198 0.06637168141592921 0.06930693069306931
2 0.2942477876106195 0.22277227722772278 0.084070796460177 0.09900990099009901
2 0.8761061946902655 0.3217821782178218 0.07079646017699115 0.07920792079207921
3 0.05309734513274336 0.19306930693069307 0.04424778761061947 0.0594059405940594
3 0.5287610619469026 0.599009900990099 0.06637168141592921 0.0891089108910891
3 0.25663716814159293 0.5272277227722773 0.061946902654867256 0.07425742574257425
3 0.6880530973451328 0.08663366336633663 0.06637168141592921 0.09405940594059406
3 0.9491150442477876 0.08168316831683169 0.09292035398230089 0.07425742574257425
