0 0.4004424778761062 0.30445544554455445 0.0752212389380531 0.09405940594059406
1 0.5398230088495575 0.49504950495049505 0.08849557522123894 0.0891089108910891
1 0.831858407079646 0.6361386138613861 0.08849557522123894 0.08415841584158416
2 0.9048672566371682 0.17574257425742573 0.05752212389380531 0.06435643564356436
2 0.4690265486725664 0.7425742574257426 0.07964601769911504 0.07920792079207921
2 0.9048672566371682 0.3316831683168317 0.0752212389380531 0.09900990099009901
2 0.9557522123893806 0.7103960396039604 0.08849557522123894 0.08415841584158416
3 0.3473451327433628 0.7698019801980198 0.0752212389380531 0.08415841584158416
3 0.4756637168141593 0.905940594059406 0.0752212389380531 0.10891089108910891
3 0.5221238938053098 0.26732673267326734 0.061946902654867256 0.06930693069306931
4 0.8119469026548672 0.09900990099009901 0.10176991150442478 0.0891089108910891
