0 0.2676991150442478 0.06435643564356436 0.0752212389380531 0.07920792079207921
0 0.2743362831858407 0.16336633663366337 0.08849557522123894 0.10891089108910891
0 0.581858407079646 0.4381188118811881 0.06637168141592921 0.09405940594059406
0 0.29646017699115046 0.5891089108910891 0.09734513274336283 0.07920792079207921
2 0.5641592920353983 0.6782178217821783 0.05752212389380531 0.0891089108910891
3 0.6438053097345132 0.8539603960396039 0.048672566371681415 0.054455445544554455
3 0.5221238938053098 0.08168316831683169 0.07079646017699115 0.09405940594059406
3 0.29867256637168144 0.452970297029703 0.09292035398230089 0.054455445544554455
3 0.4889380530973451 0.07673267326732673 0.09292035398230089 0.07425742574257425
3 0.5486725663716814 0.2202970297029703 0.07079646017699115 0.09405940594059406
