0 0.13716814159292035 0.38613861386138615 0.09734513274336283 0.1188118811881188
0 0.9026548672566371 0.06435643564356436 0.08849557522123894 0.07920792079207921
0 0.3893805309734513 0.11633663366336634 0.07964601769911504 0.08415841584158416
0 0.3053097345132743 0.3910891089108911 0.07964601769911504 0.06930693069306931
0 0.49557522123893805 0.3688118811881188 0.09734513274336283 0.09405940594059406
1 0.6305309734513275 0.07673267326732673 0.0752212389380531 0.09405940594059406
3 0.24778761061946902 0.26732673267326734 0.07079646017699115 0.0891089108910891
3 0.588495575221239 0.4306930693069307 0.04424778761061947 0.0891089108910891
3 0.8871681415929203 0.7252475247524752 0.0752212389380531 0.06435643564356436
3 0.9247787610619469 0.6955445544554455 0.05309734513274336 0.08415841584158416
