0 0.3805309734513274 0.09653465346534654 0.061946902654867256 0.09405940594059406
2 0.17035398230088494 0.4381188118811881 0.06637168141592921 0.07425742574257425
2 0.4358407079646018 0.0594059405940594 0.084070796460177 0.09900990099009901
2 0.3827433628318584 0.31683168316831684 0.05752212389380531 0.0891089108910891
2 0.40707964601769914 0.38366336633663367 0.07964601769911504 0.08415841584158416
3 0.5553097345132744 0.7648514851485149 0.06637168141592921 0.08415841584158416
3 0.4336283185840708 0.7277227722772277 0.035398230088495575 0.0891089108910891
3 0.059734513274336286 0.6435643564356436 0.06637168141592921 0.0891089108910891
3 0.7676991150442478 0.5396039603960396 0.0752212389380531 0.07920792079207921
3 0.7389380530973452 0.1188118811881188 0.07079646017699115 0.0891089108910891
4 0.26548672566371684 0.5346534653465347 0.05309734513274336 0.06930693069306931
