1 0.668141592920354 0.6138613861386139 0.08849557522123894 0.10891089108910891
1 0.5066371681415929 0.4801980198019802 0.10176991150442478 0.07920792079207921
1 0.9535398230088495 0.35148514851485146 0.0752212389380531 0.07920792079207921
1 0.6792035398230089 0.8118811881188119 0.0752212389380531 0.09900990099009901
1 0.09955752212389381 0.5123762376237624 0.10176991150442478 0.08415841584158416
2 0.04424778761061947 0.42326732673267325 0.07079646017699115 0.10396039603960396
2 0.13716814159292035 0.48514851485148514 0.07079646017699115 0.07920792079207921
2 0.5730088495575221 0.6881188118811881 0.0752212389380531 0.0891089108910891
2 0.5464601769911505 0.9504950495049505 0.048672566371681415 0.0891089108910891
2 0.827433628318584 0.4430693069306931 0.07964601769911504 0.09405940594059406
4 0.5132743362831859 0.6683168316831684 0.07964601769911504 0.07920792079207921
