1 0.7986725663716814 0.07920792079207921 0.09292035398230089 0.09900990099009901
2 0.6238938053097345 0.9232673267326733 0.07964601769911504 0.08415841584158416
2 0.5995575221238938 0.5099009900990099 0.0752212389380531 0.0891089108910891
2 0.9402654867256637 0.7871287128712872 0.048672566371681415 0.07920792079207921
2 0.059734513274336286 0.7301980198019802 0.0752212389380531 0.08415841584158416
2 0.23893805309734514 0.5643564356435643 0.061946902654867256 0.07920792079207921
3 0.048672566371681415 0.44801980198019803 0.07079646017699115 0.09405940594059406
3 0.35176991150442477 0.49257425742574257 0.05752212389380531 0.054455445544554455
3 0.8097345132743363 0.04702970297029703 0.061946902654867256 0.08415841584158416
3 0.5353982300884956 0.7153465346534653 0.061946902654867256 0.10396039603960396
