0 0.7389380530973452 0.20297029702970298 0.09734513274336283 0.1188118811881188
0 0.8362831858407079 0.42326732673267325 0.07964601769911504 0.09405940594059406
0 0.39601769911504425 0.12128712871287128 0.10176991150442478 0.08415841584158416
0 0.2920353982300885 0.49504950495049505 0.10619469026548672 0.12871287128712872
2 0.8517699115044248 0.42326732673267325 0.030973451327433628 0.08415841584158416
3 0.14601769911504425 0.5123762376237624 0.07964601769911504 0.08415841584158416
3 0.30973451327433627 0.18811881188118812 0.04424778761061947 0.0891089108910891
3 0.8805309734513275 0.21287128712871287 0.04424778761061947 0.06930693069306931
3 0.9203539823008849 0.2400990099009901 0.07964601769911504 0.11386138613861387
3 0.5331858407079646 0.6361386138613861 0.05752212389380531 0.09405940594059406
4 0.911504424778761 0.19554455445544555 0.061946902654867256 0.07425742574257425
