0 0.827433628318584 0.3787128712871287 0.07079646017699115 0.11386138613861387
1 0.5730088495575221 0.2871287128712871 0.06637168141592921 0.07920792079207921
1 0.5309734513274337 0.9455445544554455 0.07964601769911504 0.07920792079207921
2 0.09955752212389381 0.9331683168316832 0.084070796460177 0.07425742574257425
2 0.061946902654867256 0.26485148514851486 0.07079646017699115 0.07425742574257425
2 0.8252212389380531 0.9504950495049505 0.0752212389380531 0.0594059405940594
2 0.1261061946902655 0.25 0.0752212389380531 0.10396039603960396
3 0.6814159292035398 0.7821782178217822 0.07964601769911504 0.10891089108910891
3 0.7787610619469026 0.8960396039603961 0.035398230088495575 0.0594059405940594
3 0.4668141592920354 0.8316831683168316 0.03982300884955752 0.07920792079207921
4 0.7964601769911505 0.34405940594059403 0.061946902654867256 0.08415841584158416
