0 0.7411504424778761 0.7995049504950495 0.084070796460177 0.09405940594059406
0 0.6238938053097345 0.2103960396039604 0.07079646017699115 0.09405940594059406
0 0.06858407079646017 0.19801980198019803 0.0752212389380531 0.07920792079207921
2 0.6039823008849557 0.7178217821782178 0.084070796460177 0.0891089108910891
2 0.3030973451327434 0.5693069306930693 0.084070796460177 0.09900990099009901
3 0.8650442477876106 0.4504950495049505 0.0752212389380531 0.09900990099009901
3 0.2234513274336283 0.30445544554455445 0.084070796460177 0.09405940594059406
3 0.08849557522123894 0.2524752475247525 0.07964601769911504 0.0594059405940594
3 0.3030973451327434 0.25495049504950495 0.084070796460177 0.08415841584158416
3 0.6946902654867256 0.22277227722772278 0.07964601769911504 0.06930693069306931
4 0.672566371681416 0.7227722772277227 0.09734513274336283 0.0594059405940594
