1 0.3495575221238938 0.3811881188118812 0.09734513274336283 0.09900990099009901
1 0.9690265486725663 0.5866336633663366 0.061946902654867256 0.07425742574257425
1 0.4004424778761062 0.7797029702970297 0.0752212389380531 0.11386138613861387
2 0.15265486725663716 0.75 0.0752212389380531 0.09405940594059406
2 0.23893805309734514 0.7425742574257426 0.061946902654867256 0.06930693069306931
2 0.06637168141592921 0.30445544554455445 0.07964601769911504 0.10396039603960396
2 0.11061946902654868 0.7772277227722773 0.07964601769911504 0.07920792079207921
2 0.918141592920354 0.29207920792079206 0.0752212389380531 0.07920792079207921
3 0.18805309734513273 0.36386138613861385 0.0752212389380531 0.09405940594059406
3 0.09292035398230089 0.4900990099009901 0.05309734513274336 0.0891089108910891
