0 0.09070796460176991 0.46782178217821785 0.09292035398230089 0.08415841584158416
0 0.8805309734513275 0.28465346534653463 0.07079646017699115 0.08415841584158416
0 0.17256637168141592 0.15346534653465346 0.08849557522123894 0.10891089108910891
0 0.5530973451327433 0.6089108910891089 0.08849557522123894 0.09900990099009901
1 0.581858407079646 0.17574257425742573 0.084070796460177 0.09405940594059406
1 0.7323008849557522 0.5643564356435643 0.0752212389380531 0.07920792079207921
2 0.05088495575221239 0.6707920792079208 0.06637168141592921 0.08415841584158416
3 0.8628318584070797 0.4158415841584158 0.061946902654867256 0.06930693069306931
3 0.6482300884955752 0.4405940594059406 0.05752212389380531 0.07920792079207921
3 0.35398230088495575 0.8663366336633663 0.07964601769911504 0.07920792079207921
