0 0.4446902654867257 0.5618811881188119 0.084070796460177 0.08415841584158416
0 0.3495575221238938 0.17574257425742573 0.08849557522123894 0.10396039603960396
2 0.588495575221239 0.75 0.08849557522123894 0.07425742574257425
2 0.47123893805309736 0.5816831683168316 0.05752212389380531 0.07425742574257425
2 0.588495575221239 0.9282178217821783 0.08849557522123894 0.08415841584158416
3 0.15265486725663716 0.1905940594059406 0.09292035398230089 0.08415841584158416
3 0.6637168141592921 0.31435643564356436 0.07079646017699115 0.07425742574257425
3 0.46017699115044247 0.7797029702970297 0.07079646017699115 0.07425742574257425
3 0.4646017699115044 0.49504950495049505 0.061946902654867256 0.0594059405940594
3 0.46017699115044247 0.1905940594059406 0.09734513274336283 0.06435643564356436
