0 0.9402654867256637 0.8737623762376238 0.09292035398230089 0.09405940594059406
0 0.47345132743362833 0.19801980198019803 0.08849557522123894 0.09900990099009901
1 0.5575221238938053 0.3465346534653465 0.08849557522123894 0.0891089108910891
1 0.8053097345132744 0.7673267326732673 0.07964601769911504 0.0891089108910891
2 0.6946902654867256 0.5346534653465347 0.05309734513274336 0.0594059405940594
2 0.4336283185840708 0.19306930693069307 0.061946902654867256 0.0594059405940594
2 0.6327433628318584 0.4752475247524752 0.07079646017699115 0.0891089108910891
3 0.35398230088495575 0.21782178217821782 0.07964601769911504 0.07920792079207921
3 0.7876106194690266 0.2079207920792079 0.08849557522123894 0.09900990099009901
3 0.2411504424778761 0.05198019801980198 0.0752212389380531 0.08415841584158416
4 0.28761061946902655 0.1806930693069307 0.07079646017699115 0.07425742574257425
