0 0.5685840707964602 0.5297029702970297 0.10176991150442478 0.09900990099009901
0 0.7787610619469026 0.21287128712871287 0.09734513274336283 0.09900990099009901
0 0.581858407079646 0.4084158415841584 0.09292035398230089 0.11386138613861387
1 0.4823008849557522 0.7029702970297029 0.09734513274336283 0.07920792079207921
1 0.18584070796460178 0.2079207920792079 0.07079646017699115 0.07920792079207921
1 0.5508849557522124 0.8118811881188119 0.10176991150442478 0.09900990099009901
1 0.09070796460176991 0.18316831683168316 0.084070796460177 0.10891089108910891
1 0.22123893805309736 0.7945544554455446 0.07964601769911504 0.09405940594059406
2 0.17699115044247787 0.844059405940594 0.07964601769911504 0.07425742574257425
2 0.5132743362831859 0.35396039603960394 0.061946902654867256 0.07425742574257425
