0 0.8141592920353983 0.32425742574257427 0.07964601769911504 0.09405940594059406
0 0.1504424778761062 0.3712871287128713 0.10619469026548672 0.09900990099009901
1 0.8761061946902655 0.4306930693069307 0.07964601769911504 0.10891089108910891
1 0.8893805309734514 0.6584158415841584 0.07964601769911504 0.0594059405940594
1 0.8650442477876106 0.41089108910891087 0.084070796460177 0.09900990099009901
2 0.34292035398230086 0.5841584158415841 0.0752212389380531 0.0594059405940594
2 0.9026548672566371 0.452970297029703 0.07964601769911504 0.07425742574257425
2 0.5309734513274337 0.6237623762376238 0.07964601769911504 0.07920792079207921
3 0.336283185840708 0.7227722772277227 0.07079646017699115 0.06930693069306931
3 0.9579646017699115 0.2995049504950495 0.084070796460177 0.07425742574257425
