0 0.5464601769911505 0.2103960396039604 0.09292035398230089 0.08415841584158416
0 0.6061946902654868 0.26485148514851486 0.09734513274336283 0.09405940594059406
0 0.32964601769911506 0.806930693069307 0.09292035398230089 0.0891089108910891
0 0.6172566371681416 0.2722772277227723 0.084070796460177 0.10891089108910891
0 0.6504424778761062 0.30198019801980197 0.07964601769911504 0.10891089108910891
3 0.7920353982300885 0.6782178217821783 0.07079646017699115 0.07920792079207921
3 0.2809734513274336 0.5198019801980198 0.084070796460177 0.07920792079207921
3 0.2168141592920354 0.5495049504950495 0.07079646017699115 0.09900990099009901
3 0.25 0.5222772277227723 0.0752212389380531 0.08415841584158416
3 0.7654867256637168 0.28217821782178215 0.061946902654867256 0.04950495049504951
4 0.4247787610619469 0.9306930693069307 0.07964601769911504 0.0891089108910891
