0 0.3495575221238938 0.15346534653465346 0.08849557522123894 0.10891089108910891
0 0.1592920353982301 0.12871287128712872 0.08849557522123894 0.1188118811881188
0 0.47345132743362833 0.19554455445544555 0.10619469026548672 0.09405940594059406
0 0.25663716814159293 0.054455445544554455 0.07964601769911504 0.07920792079207921
1 0.6349557522123894 0.10148514851485149 0.084070796460177 0.09405940594059406
1 0.8097345132743363 0.5495049504950495 0.07079646017699115 0.09900990099009901
2 0.5730088495575221 0.9282178217821783 0.06637168141592921 0.07425742574257425
3 0.834070796460177 0.06188118811881188 0.0752212389380531 0.08415841584158416
3 0.4911504424778761 0.7896039603960396 0.09734513274336283 0.09405940594059406
3 0.10176991150442478 0.7995049504950495 0.07964601769911504 0.08415841584158416
4 0.2853982300884956 0.9678217821782178 0.0752212389380531 0.06435643564356436
