1 0.413716814159292 0.4900990099009901 0.0752212389380531 0.0891089108910891
1 0.9292035398230089 0.6757425742574258 0.07964601769911504 0.08415841584158416
1 0.28982300884955753 0.4801980198019802 0.0752212389380531 0.10891089108910891
1 0.6261061946902655 0.49504950495049505 0.09292035398230089 0.07920792079207921
1 0.7212389380530974 0.6039603960396039 0.07964601769911504 0.09900990099009901
2 0.3827433628318584 0.8985148514851485 0.0752212389380531 0.10396039603960396
2 0.4491150442477876 0.36633663366336633 0.03982300884955752 0.0891089108910891
2 0.16150442477876106 0.17326732673267325 0.084070796460177 0.0594059405940594
2 0.18805309734513273 0.7425742574257426 0.06637168141592921 0.10891089108910891
2 0.9579646017699115 0.8118811881188119 0.06637168141592921 0.07920792079207921
