0 0.8252212389380531 0.3316831683168317 0.084070796460177 0.06930693069306931
0 0.6880530973451328 0.15594059405940594 0.09292035398230089 0.10396039603960396
0 0.7699115044247787 0.10891089108910891 0.09734513274336283 0.09900990099009901
0 0.5287610619469026 0.5470297029702971 0.084070796460177 0.10396039603960396
0 0.4756637168141593 0.693069306930693 0.06637168141592921 0.06930693069306931
1 0.18141592920353983 0.5841584158415841 0.08849557522123894 0.0891089108910891
1 0.05309734513274336 0.6311881188118812 0.09734513274336283 0.09405940594059406
3 0.05088495575221239 0.9158415841584159 0.084070796460177 0.09900990099009901
3 0.3053097345132743 0.6336633663366337 0.07964601769911504 0.07920792079207921
3 0.5973451327433629 0.8910891089108911 0.07079646017699115 0.07920792079207921
4 0.09955752212389381 0.8118811881188119 0.0752212389380531 0.0891089108910891
