0 0.5553097345132744 0.8143564356435643 0.10176991150442478 0.12376237623762376
1 0.8650442477876106 0.12376237623762376 0.084070796460177 0.06930693069306931
1 0.059734513274336286 0.844059405940594 0.0752212389380531 0.09405940594059406
1 0.20353982300884957 0.7821782178217822 0.10619469026548672 0.0891089108910891
1 0.059734513274336286 0.30445544554455445 0.0752212389380531 0.08415841584158416
1 0.5951327433628318 0.693069306930693 0.06637168141592921 0.0891089108910891
2 0.6792035398230089 0.693069306930693 0.0752212389380531 0.06930693069306931
2 0.44026548672566373 0.6336633663366337 0.084070796460177 0.07920792079207921
2 0.7942477876106194 0.5321782178217822 0.0752212389380531 0.06435643564356436
2 0.6526548672566371 0.4801980198019802 0.06637168141592921 0.06930693069306931
