0 0.7101769911504425 0.6881188118811881 0.11061946902654868 0.1188118811881188
0 0.4225663716814159 0.5495049504950495 0.11061946902654868 0.09900990099009901
0 0.7676991150442478 0.12128712871287128 0.10176991150442478 0.10396039603960396
1 0.07079646017699115 0.34405940594059403 0.08849557522123894 0.08415841584158416
1 0.4358407079646018 0.3613861386138614 0.10176991150442478 0.1188118811881188
1 0.3584070796460177 0.8762376237623762 0.08849557522123894 0.10891089108910891
1 0.18584070796460178 0.4158415841584158 0.07964601769911504 0.07920792079207921
1 0.45132743362831856 0.8242574257425742 0.08849557522123894 0.08415841584158416
2 0.3163716814159292 0.14356435643564355 0.06637168141592921 0.07920792079207921
2 0.25663716814159293 0.32673267326732675 0.08849557522123894 0.0594059405940594
