0 0.3030973451327434 0.6534653465346535 0.06637168141592921 0.07920792079207921
0 0.2234513274336283 0.22524752475247525 0.06637168141592921 0.09405940594059406
0 0.7300884955752213 0.5371287128712872 0.07079646017699115 0.09405940594059406
0 0.6371681415929203 0.8737623762376238 0.07964601769911504 0.10396039603960396
0 0.3606194690265487 0.4752475247524752 0.0752212389380531 0.09900990099009901
1 0.2853982300884956 0.20297029702970298 0.06637168141592921 0.10891089108910891
3 0.2676991150442478 0.6361386138613861 0.06637168141592921 0.07425742574257425
3 0.45353982300884954 0.5742574257425742 0.048672566371681415 0.0594059405940594
3 0.577433628318584 0.2301980198019802 0.084070796460177 0.054455445544554455
3 0.21017699115044247 0.6955445544554455 0.06637168141592921 0.07425742574257425
