0 0.19247787610619468 0.8787128712871287 0.084070796460177 0.07425742574257425
1 0.7123893805309734 0.5618811881188119 0.07964601769911504 0.07425742574257425
1 0.3053097345132743 0.18564356435643564 0.09734513274336283 0.09405940594059406
2 0.32079646017699115 0.9232673267326733 0.09292035398230089 0.07425742574257425
2 0.18805309734513273 0.31683168316831684 0.0752212389380531 0.06930693069306931
2 0.7964601769911505 0.7004950495049505 0.061946902654867256 0.08415841584158416
2 0.37168141592920356 0.36386138613861385 0.061946902654867256 0.10396039603960396
3 0.6637168141592921 0.2698019801980198 0.07964601769911504 0.07425742574257425
3 0.6548672566371682 0.07178217821782178 0.08849557522123894 0.07425742574257425
3 0.497787610619469 0.3341584158415842 0.06637168141592921 0.07425742574257425
