0 0.9557522123893806 0.21534653465346534 0.061946902654867256 0.07425742574257425
0 0.1172566371681416 0.7277227722772277 0.084070796460177 0.09900990099009901
0 0.497787610619469 0.7648514851485149 0.084070796460177 0.09405940594059406
1 0.2831858407079646 0.3292079207920792 0.08849557522123894 0.09405940594059406
1 0.5929203539823009 0.7351485148514851 0.07964601769911504 0.10396039603960396
2 0.21460176991150443 0.4183168316831683 0.05752212389380531 0.09405940594059406
2 0.8163716814159292 0.48267326732673266 0.09292035398230089 0.06435643564356436
3 0.4778761061946903 0.8613861386138614 0.08849557522123894 0.07920792079207921
3 0.37831858407079644 0.8168316831683168 0.06637168141592921 0.07920792079207921
3 0.12389380530973451 0.2599009900990099 0.07079646017699115 0.07425742574257425
4 0.2809734513274336 0.5470297029702971 0.06637168141592921 0.08415841584158416
