0 0.8517699115044248 0.5247524752475248 0.0752212389380531 0.0891089108910891
0 0.47123893805309736 0.5148514851485149 0.0752212389380531 0.07920792079207921
0 0.5619469026548672 0.7301980198019802 0.07964601769911504 0.08415841584158416
0 0.7588495575221239 0.39603960396039606 0.09292035398230089 0.06930693069306931
1 0.9557522123893806 0.650990099009901 0.07964601769911504 0.07425742574257425
1 0.4668141592920354 0.2722772277227723 0.084070796460177 0.09900990099009901
1 0.6150442477876106 0.6163366336633663 0.09734513274336283 0.09405940594059406
1 0.11061946902654868 0.4306930693069307 0.08849557522123894 0.09900990099009901
1 0.18805309734513273 0.28217821782178215 0.09292035398230089 0.0891089108910891
2 0.7964601769911505 0.5272277227722773 0.10619469026548672 0.09405940594059406
