0 0.8296460176991151 0.7747524752475248 0.0752212389380531 0.06435643564356436
1 0.33185840707964603 0.49504950495049505 0.07964601769911504 0.0891089108910891
2 0.6836283185840708 0.2995049504950495 0.06637168141592921 0.08415841584158416
2 0.8584070796460177 0.18564356435643564 0.061946902654867256 0.07425742574257425
2 0.577433628318584 0.8886138613861386 0.084070796460177 0.07425742574257425
2 0.5530973451327433 0.9207920792079208 0.08849557522123894 0.0891089108910891
3 0.5730088495575221 0.6163366336633663 0.05752212389380531 0.09405940594059406
3 0.7920353982300885 0.33910891089108913 0.07079646017699115 0.09405940594059406
3 0.6393805309734514 0.6262376237623762 0.09292035398230089 0.06435643564356436
3 0.7787610619469026 0.6806930693069307 0.07964601769911504 0.08415841584158416
