0 0.7123893805309734 0.5495049504950495 0.07079646017699115 0.07920792079207921
0 0.2234513274336283 0.7648514851485149 0.11946902654867257 0.10396039603960396
1 0.1747787610619469 0.9133663366336634 0.06637168141592921 0.08415841584158416
1 0.09734513274336283 0.07673267326732673 0.09734513274336283 0.07425742574257425
2 0.2013274336283186 0.0594059405940594 0.0752212389380531 0.09900990099009901
2 0.059734513274336286 0.551980198019802 0.048672566371681415 0.08415841584158416
2 0.5929203539823009 0.24257425742574257 0.07079646017699115 0.07920792079207921
3 0.061946902654867256 0.20297029702970298 0.07079646017699115 0.0594059405940594
3 0.252212389380531 0.8341584158415841 0.061946902654867256 0.07425742574257425
3 0.7190265486725663 0.8168316831683168 0.06637168141592921 0.0594059405940594
