0 0.20353982300884957 0.3341584158415842 0.08849557522123894 0.10396039603960396
2 0.07300884955752213 0.5618811881188119 0.06637168141592921 0.07425742574257425
2 0.2168141592920354 0.8564356435643564 0.07964601769911504 0.06930693069306931
2 0.8429203539823009 0.22277227722772278 0.06637168141592921 0.07920792079207921
2 0.4358407079646018 0.8168316831683168 0.05752212389380531 0.07920792079207921
3 0.581858407079646 0.11138613861386139 0.0752212389380531 0.07425742574257425
3 0.6216814159292036 0.7252475247524752 0.06637168141592921 0.06435643564356436
3 0.7721238938053098 0.698019801980198 0.06637168141592921 0.07920792079207921
3 0.7212389380530974 0.1608910891089109 0.07964601769911504 0.09405940594059406
3 0.03982300884955752 0.27722772277227725 0.04424778761061947 0.04950495049504951
4 0.17699115044247787 0.9034653465346535 0.07964601769911504 0.08415841584158416
