0 0.831858407079646 0.4876237623762376 0.07079646017699115 0.09405940594059406
0 0.7057522123893806 0.8514851485148515 0.0752212389380531 0.0891089108910891
0 0.44026548672566373 0.905940594059406 0.09292035398230089 0.0891089108910891
1 0.42920353982300885 0.75 0.07964601769911504 0.08415841584158416
1 0.7035398230088495 0.2202970297029703 0.08849557522123894 0.11386138613861387
1 0.10619469026548672 0.5841584158415841 0.07964601769911504 0.07920792079207921
1 0.5376106194690266 0.2202970297029703 0.11061946902654868 0.09405940594059406
2 0.9446902654867256 0.7945544554455446 0.0752212389380531 0.06435643564356436
2 0.7411504424778761 0.7698019801980198 0.05752212389380531 0.07425742574257425
3 0.3274336283185841 0.8539603960396039 0.07079646017699115 0.07425742574257425
4 0.6482300884955752 0.39851485148514854 0.09292035398230089 0.10396039603960396
