0 0.4469026548672566 0.44801980198019803 0.07964601769911504 0.10396039603960396
1 0.8252212389380531 0.7004950495049505 0.084070796460177 0.10396039603960396
1 0.27654867256637167 0.48514851485148514 0.06637168141592921 0.07920792079207921
2 0.665929203539823 0.1608910891089109 0.06637168141592921 0.06435643564356436
2 0.13495575221238937 0.24504950495049505 0.06637168141592921 0.054455445544554455
2 0.7588495575221239 0.3069306930693069 0.06637168141592921 0.09900990099009901
2 0.5398230088495575 0.6732673267326733 0.08849557522123894 0.06930693069306931
3 0.1902654867256637 0.38613861386138615 0.07079646017699115 0.0891089108910891
3 0.6880530973451328 0.18316831683168316 0.06637168141592921 0.07920792079207921
3 0.8008849557522124 0.8787128712871287 0.07079646017699115 0.09405940594059406
4 0.3030973451327434 0.5099009900990099 0.084070796460177 0.07920792079207921
