0 0.23893805309734514 0.6262376237623762 0.061946902654867256 0.10396039603960396
0 0.48451327433628316 0.9405940594059405 0.09292035398230089 0.09900990099009901
1 0.40486725663716816 0.8886138613861386 0.084070796460177 0.06435643564356436
1 0.918141592920354 0.18564356435643564 0.0752212389380531 0.09405940594059406
1 0.7190265486725663 0.08663366336633663 0.084070796460177 0.10396039603960396
1 0.41814159292035397 0.41089108910891087 0.06637168141592921 0.07920792079207921
1 0.9269911504424779 0.9381188118811881 0.084070796460177 0.07425742574257425
2 0.7101769911504425 0.6955445544554455 0.09292035398230089 0.07425742574257425
2 0.7721238938053098 0.6757425742574258 0.0752212389380531 0.09405940594059406
2 0.8252212389380531 0.6683168316831684 0.03982300884955752 0.07920792079207921
4 0.24557522123893805 0.11138613861386139 0.06637168141592921 0.06435643564356436
