0 0.5376106194690266 0.37376237623762376 0.0752212389380531 0.09405940594059406
0 0.8561946902654868 0.7648514851485149 0.06637168141592921 0.10396039603960396
0 0.37610619469026546 0.6905940594059405 0.07964601769911504 0.09405940594059406
1 0.3805309734513274 0.7400990099009901 0.07964601769911504 0.11386138613861387
1 0.9269911504424779 0.6782178217821783 0.084070796460177 0.0891089108910891
1 0.4823008849557522 0.6287128712871287 0.09734513274336283 0.09900990099009901
2 0.9579646017699115 0.06683168316831684 0.0752212389380531 0.07425742574257425
2 0.4646017699115044 0.5272277227722773 0.07079646017699115 0.08415841584158416
3 0.8053097345132744 0.14603960396039603 0.05309734513274336 0.07425742574257425
3 0.41150442477876104 0.20544554455445543 0.061946902654867256 0.08415841584158416
