1 0.25 0.06188118811881188 0.09292035398230089 0.08415841584158416
1 0.5730088495575221 0.7425742574257426 0.084070796460177 0.07920792079207921
2 0.4778761061946903 0.18564356435643564 0.07079646017699115 0.07425742574257425
2 0.46017699115044247 0.7772277227722773 0.10619469026548672 0.09900990099009901
2 0.6106194690265486 0.9529702970297029 0.061946902654867256 0.08415841584158416
2 0.24336283185840707 0.3811881188118812 0.061946902654867256 0.0891089108910891
2 0.26548672566371684 0.07920792079207921 0.08849557522123894 0.07920792079207921
3 0.1592920353982301 0.6757425742574258 0.07964601769911504 0.07425742574257425
3 0.8694690265486725 0.43564356435643564 0.0752212389380531 0.06930693069306931
3 0.6061946902654868 0.6435643564356436 0.07964601769911504 0.10891089108910891
