0 0.3230088495575221 0.35148514851485146 0.09734513274336283 0.0891089108910891
1 0.4004424778761062 0.7821782178217822 0.06637168141592921 0.0891089108910891
1 0.4314159292035398 0.8514851485148515 0.06637168141592921 0.0891089108910891
2 0.6415929203539823 0.3069306930693069 0.07964601769911504 0.07920792079207921
2 0.2721238938053097 0.8143564356435643 0.0752212389380531 0.07425742574257425
2 0.5951327433628318 0.40594059405940597 0.05752212389380531 0.06930693069306931
2 0.34513274336283184 0.3217821782178218 0.05309734513274336 0.0891089108910891
3 0.4911504424778761 0.38366336633663367 0.05309734513274336 0.06435643564356436
3 0.6504424778761062 0.39851485148514854 0.08849557522123894 0.08415841584158416
3 0.9247787610619469 0.7648514851485149 0.07079646017699115 0.08415841584158416
