1 0.6836283185840708 0.26485148514851486 0.084070796460177 0.09405940594059406
1 0.9247787610619469 0.6138613861386139 0.07964601769911504 0.09900990099009901
1 0.2013274336283186 0.19554455445544555 0.084070796460177 0.11386138613861387
2 0.9535398230088495 0.844059405940594 0.048672566371681415 0.08415841584158416
2 0.20353982300884957 0.745049504950495 0.07964601769911504 0.06435643564356436
2 0.36504424778761063 0.8787128712871287 0.05752212389380531 0.08415841584158416
2 0.44026548672566373 0.19554455445544555 0.09292035398230089 0.06435643564356436
2 0.915929203539823 0.15099009900990099 0.02654867256637168 0.08415841584158416
3 0.588495575221239 0.27722772277227725 0.07964601769911504 0.06930693069306931
3 0.6548672566371682 0.40594059405940597 0.061946902654867256 0.06930693069306931
4 0.12389380530973451 0.24504950495049505 0.07079646017699115 0.06435643564356436
