0 0.4026548672566372 0.5495049504950495 0.10619469026548672 0.09900990099009901
0 0.3075221238938053 0.5321782178217822 0.09292035398230089 0.09405940594059406
1 0.6261061946902655 0.4183168316831683 0.0752212389380531 0.09405940594059406
1 0.8561946902654868 0.19801980198019803 0.09292035398230089 0.06930693069306931
2 0.3606194690265487 0.2871287128712871 0.084070796460177 0.07920792079207921
2 0.9690265486725663 0.1188118811881188 0.061946902654867256 0.07920792079207921
2 0.6526548672566371 0.31683168316831684 0.0752212389380531 0.07920792079207921
3 0.8075221238938053 0.06930693069306931 0.05752212389380531 0.06930693069306931
3 0.7477876106194691 0.37376237623762376 0.08849557522123894 0.07425742574257425
3 0.6283185840707964 0.25 0.07079646017699115 0.09405940594059406
4 0.4424778761061947 0.37376237623762376 0.07079646017699115 0.09405940594059406
