0 0.5575221238938053 0.04950495049504951 0.061946902654867256 0.0891089108910891
0 0.6880530973451328 0.19306930693069307 0.0752212389380531 0.1188118811881188
0 0.9314159292035398 0.3069306930693069 0.10176991150442478 0.09900990099009901
1 0.8761061946902655 0.7623762376237624 0.10619469026548672 0.06930693069306931
1 0.9314159292035398 0.8861386138613861 0.09292035398230089 0.07920792079207921
1 0.1902654867256637 0.41336633663366334 0.09734513274336283 0.08415841584158416
2 0.5110619469026548 0.5618811881188119 0.06637168141592921 0.08415841584158416
2 0.4889380530973451 0.943069306930693 0.0752212389380531 0.08415841584158416
3 0.35176991150442477 0.650990099009901 0.05752212389380531 0.09405940594059406
3 0.24557522123893805 0.7722772277227723 0.05752212389380531 0.06930693069306931
4 0.13053097345132744 0.8836633663366337 0.084070796460177 0.07425742574257425
