1 0.7898230088495575 0.5247524752475248 0.06637168141592921 0.09900990099009901
1 0.21017699115044247 0.9084158415841584 0.06637168141592921 0.10396039603960396
1 0.6504424778761062 0.36386138613861385 0.07964601769911504 0.09405940594059406
1 0.8650442477876106 0.07425742574257425 0.09292035398230089 0.0891089108910891
1 0.12168141592920353 0.9381188118811881 0.0752212389380531 0.09405940594059406
2 0.6327433628318584 0.12623762376237624 0.07964601769911504 0.10396039603960396
2 0.7057522123893806 0.6856435643564357 0.05752212389380531 0.07425742574257425
2 0.8982300884955752 0.6410891089108911 0.09734513274336283 0.07425742574257425
2 0.41150442477876104 0.06930693069306931 0.07079646017699115 0.07920792079207921
2 0.9646017699115044 0.6806930693069307 0.061946902654867256 0.07425742574257425
4 0.7699115044247787 0.11386138613861387 0.08849557522123894 0.06930693069306931
