0 0.5907079646017699 0.07673267326732673 0.084070796460177 0.10396039603960396
0 0.7676991150442478 0.42574257425742573 0.09292035398230089 0.07920792079207921
0 0.8141592920353983 0.655940594059406 0.07964601769911504 0.11386138613861387
0 0.4579646017699115 0.6311881188118812 0.09292035398230089 0.10396039603960396
0 0.21902654867256638 0.9306930693069307 0.10176991150442478 0.09900990099009901
1 0.6261061946902655 0.26732673267326734 0.06637168141592921 0.07920792079207921
3 0.47345132743362833 0.2400990099009901 0.07079646017699115 0.08415841584158416
3 0.024336283185840708 0.21534653465346534 0.048672566371681415 0.06435643564356436
3 0.5730088495575221 0.9108910891089109 0.0752212389380531 0.06930693069306931
3 0.834070796460177 0.4430693069306931 0.05752212389380531 0.08415841584158416
