1 0.918141592920354 0.5148514851485149 0.0752212389380531 0.0594059405940594
1 0.6393805309734514 0.18564356435643564 0.0752212389380531 0.07425742574257425
1 0.03761061946902655 0.8688118811881188 0.06637168141592921 0.09405940594059406
1 0.37610619469026546 0.1608910891089109 0.08849557522123894 0.07425742574257425
2 0.7234513274336283 0.5866336633663366 0.06637168141592921 0.06435643564356436
2 0.5022123893805309 0.6584158415841584 0.084070796460177 0.06930693069306931
2 0.06637168141592921 0.26732673267326734 0.04424778761061947 0.07920792079207921
2 0.6084070796460177 0.46534653465346537 0.06637168141592921 0.07920792079207921
2 0.13274336283185842 0.15841584158415842 0.07079646017699115 0.0891089108910891
3 0.6991150442477876 0.16336633663366337 0.07079646017699115 0.0594059405940594
