0 0.7986725663716814 0.37623762376237624 0.09292035398230089 0.1188118811881188
0 0.504424778761062 0.19554455445544555 0.07964601769911504 0.08415841584158416
0 0.7853982300884956 0.504950495049505 0.084070796460177 0.07920792079207921
0 0.7256637168141593 0.9133663366336634 0.09734513274336283 0.09405940594059406
0 0.6902654867256637 0.6336633663366337 0.061946902654867256 0.0891089108910891
1 0.745575221238938 0.7202970297029703 0.0752212389380531 0.08415841584158416
1 0.31194690265486724 0.3712871287128713 0.0752212389380531 0.07920792079207921
1 0.1504424778761062 0.2896039603960396 0.07964601769911504 0.09405940594059406
1 0.17035398230088494 0.38366336633663367 0.084070796460177 0.08415841584158416
1 0.6548672566371682 0.6188118811881188 0.07079646017699115 0.09900990099009901
