0 0.06637168141592921 0.09900990099009901 0.10619469026548672 0.0594059405940594
0 0.34292035398230086 0.18811881188118812 0.084070796460177 0.09900990099009901
0 0.45353982300884954 0.6386138613861386 0.06637168141592921 0.09900990099009901
0 0.4668141592920354 0.7425742574257426 0.09292035398230089 0.09900990099009901
0 0.4690265486725664 0.5618811881188119 0.08849557522123894 0.11386138613861387
1 0.8407079646017699 0.7475247524752475 0.07964601769911504 0.09900990099009901
1 0.7190265486725663 0.0891089108910891 0.0752212389380531 0.09900990099009901
1 0.8495575221238938 0.3910891089108911 0.07964601769911504 0.09900990099009901
3 0.8053097345132744 0.6089108910891089 0.05309734513274336 0.0891089108910891
3 0.35398230088495575 0.5470297029702971 0.07079646017699115 0.07425742574257425
4 0.11504424778761062 0.6188118811881188 0.08849557522123894 0.09900990099009901
