0 0.5265486725663717 0.11386138613861387 0.061946902654867256 0.09900990099009901
0 0.20353982300884957 0.15594059405940594 0.07079646017699115 0.09405940594059406
0 0.3495575221238938 0.3341584158415842 0.08849557522123894 0.08415841584158416
0 0.2743362831858407 0.7574257425742574 0.09734513274336283 0.0891089108910891
1 0.1592920353982301 0.9282178217821783 0.07964601769911504 0.09405940594059406
1 0.5995575221238938 0.20544554455445543 0.09292035398230089 0.07425742574257425
2 0.23672566371681417 0.36633663366336633 0.0752212389380531 0.06930693069306931
3 0.5486725663716814 0.3811881188118812 0.05309734513274336 0.06930693069306931
3 0.05752212389380531 0.7920792079207921 0.09734513274336283 0.0594059405940594
3 0.4579646017699115 0.31435643564356436 0.0752212389380531 0.07425742574257425
4 0.2345132743362832 0.6955445544554455 0.05309734513274336 0.08415841584158416
