0 0.5442477876106194 0.5272277227722773 0.10619469026548672 0.10396039603960396
0 0.5309734513274337 0.8589108910891089 0.08849557522123894 0.09405940594059406
0 0.4247787610619469 0.10148514851485149 0.08849557522123894 0.08415841584158416
1 0.3694690265486726 0.9282178217821783 0.084070796460177 0.08415841584158416
2 0.7632743362831859 0.09405940594059406 0.06637168141592921 0.0891089108910891
2 0.21017699115044247 0.8193069306930693 0.09292035398230089 0.08415841584158416
3 0.4314159292035398 0.6707920792079208 0.06637168141592921 0.07425742574257425
3 0.19690265486725664 0.6707920792079208 0.05752212389380531 0.10396039603960396
3 0.9269911504424779 0.7376237623762376 0.06637168141592921 0.06930693069306931
3 0.48008849557522126 0.04702970297029703 0.048672566371681415 0.09405940594059406
4 0.5685840707964602 0.2400990099009901 0.084070796460177 0.09405940594059406
