0 0.5309734513274337 0.754950495049505 0.10619469026548672 0.10396039603960396
0 0.47345132743362833 0.7004950495049505 0.08849557522123894 0.09405940594059406
0 0.47345132743362833 0.8143564356435643 0.07079646017699115 0.07425742574257425
1 0.5619469026548672 0.5915841584158416 0.07079646017699115 0.09405940594059406
2 0.2942477876106195 0.3341584158415842 0.06637168141592921 0.06435643564356436
2 0.7588495575221239 0.09900990099009901 0.0752212389380531 0.07920792079207921
3 0.3827433628318584 0.5 0.06637168141592921 0.09900990099009901
3 0.8915929203539823 0.5693069306930693 0.048672566371681415 0.0594059405940594
3 0.16371681415929204 0.693069306930693 0.07964601769911504 0.0891089108910891
3 0.5685840707964602 0.10396039603960396 0.09292035398230089 0.0594059405940594
