0 0.2168141592920354 0.5643564356435643 0.10619469026548672 0.09900990099009901
0 0.915929203539823 0.4207920792079208 0.08849557522123894 0.0891089108910891
0 0.252212389380531 0.20544554455445543 0.09734513274336283 0.10396039603960396
1 0.5663716814159292 0.7871287128712872 0.08849557522123894 0.09900990099009901
1 0.5575221238938053 0.5247524752475248 0.07964601769911504 0.09900990099009901
1 0.8185840707964602 0.28217821782178215 0.07079646017699115 0.10891089108910891
1 0.3694690265486726 0.5396039603960396 0.084070796460177 0.09900990099009901
2 0.8871681415929203 0.13861386138613863 0.0752212389380531 0.0891089108910891
2 0.15265486725663716 0.48267326732673266 0.084070796460177 0.08415841584158416
3 0.8960176991150443 0.943069306930693 0.084070796460177 0.07425742574257425
4 0.8429203539823009 0.0594059405940594 0.09292035398230089 0.07920792079207921
