0 0.23672566371681417 0.3193069306930693 0.084070796460177 0.08415841584158416
0 0.9070796460176991 0.7821782178217822 0.07079646017699115 0.07920792079207921
0 0.3938053097345133 0.7054455445544554 0.07964601769911504 0.10396039603960396
0 0.14601769911504425 0.11138613861386139 0.07079646017699115 0.10396039603960396
1 0.745575221238938 0.5544554455445545 0.09292035398230089 0.0891089108910891
1 0.06415929203539823 0.46782178217821785 0.09292035398230089 0.07425742574257425
2 0.5331858407079646 0.8217821782178217 0.084070796460177 0.07920792079207921
3 0.7389380530973452 0.42574257425742573 0.061946902654867256 0.06930693069306931
3 0.17256637168141592 0.17326732673267325 0.05309734513274336 0.07920792079207921
3 0.5 0.8663366336633663 0.061946902654867256 0.0594059405940594
4 0.7278761061946902 0.948019801980198 0.05752212389380531 0.07425742574257425
