0 0.5331858407079646 0.7698019801980198 0.084070796460177 0.08415841584158416
0 0.6283185840707964 0.09405940594059406 0.10619469026548672 0.09900990099009901
0 0.4469026548672566 0.3886138613861386 0.09734513274336283 0.09405940594059406
0 0.4092920353982301 0.2301980198019802 0.084070796460177 0.08415841584158416
0 0.5553097345132744 0.8762376237623762 0.084070796460177 0.09900990099009901
1 0.9026548672566371 0.06435643564356436 0.07079646017699115 0.06930693069306931
3 0.16150442477876106 0.8168316831683168 0.03982300884955752 0.06930693069306931
3 0.3805309734513274 0.4777227722772277 0.07964601769911504 0.08415841584158416
3 0.1172566371681416 0.24257425742574257 0.084070796460177 0.07920792079207921
3 0.9402654867256637 0.5470297029702971 0.05752212389380531 0.06435643564356436
4 0.7212389380530974 0.7475247524752475 0.08849557522123894 0.06930693069306931
