0 0.5951327433628318 0.8143564356435643 0.0752212389380531 0.06435643564356436
0 0.8738938053097345 0.4603960396039604 0.0752212389380531 0.0891089108910891
0 0.577433628318584 0.8044554455445545 0.0752212389380531 0.09405940594059406
0 0.8938053097345132 0.7029702970297029 0.08849557522123894 0.0891089108910891
0 0.8606194690265486 0.650990099009901 0.06637168141592921 0.07425742574257425
1 0.5199115044247787 0.8811881188118812 0.10176991150442478 0.10891089108910891
1 0.9336283185840708 0.8589108910891089 0.10619469026548672 0.08415841584158416
1 0.7057522123893806 0.31435643564356436 0.084070796460177 0.10396039603960396
1 0.6261061946902655 0.6089108910891089 0.06637168141592921 0.09900990099009901
1 0.668141592920354 0.6262376237623762 0.07079646017699115 0.09405940594059406
4 0.5287610619469026 0.2722772277227723 0.05752212389380531 0.07920792079207921
