0 0.16150442477876106 0.7301980198019802 0.11061946902654868 0.06435643564356436
0 0.7743362831858407 0.801980198019802 0.07079646017699115 0.09900990099009901
0 0.47345132743362833 0.3292079207920792 0.09734513274336283 0.10396039603960396
0 0.6128318584070797 0.3465346534653465 0.09292035398230089 0.10891089108910891
0 0.1504424778761062 0.6534653465346535 0.07079646017699115 0.0891089108910891
1 0.7079646017699115 0.10396039603960396 0.09734513274336283 0.09900990099009901
1 0.04424778761061947 0.6410891089108911 0.07079646017699115 0.06435643564356436
3 0.48672566371681414 0.3316831683168317 0.07079646017699115 0.07920792079207921
3 0.084070796460177 0.15099009900990099 0.07079646017699115 0.07425742574257425
3 0.5862831858407079 0.6361386138613861 0.09292035398230089 0.09405940594059406
