0 0.5995575221238938 0.504950495049505 0.06637168141592921 0.07920792079207921
0 0.5730088495575221 0.754950495049505 0.09292035398230089 0.10396039603960396
1 0.1592920353982301 0.2079207920792079 0.07964601769911504 0.07920792079207921
1 0.5663716814159292 0.6064356435643564 0.07964601769911504 0.09405940594059406
2 0.6128318584070797 0.22524752475247525 0.0752212389380531 0.09405940594059406
2 0.17035398230088494 0.15099009900990099 0.09292035398230089 0.07425742574257425
2 0.6880530973451328 0.21782178217821782 0.084070796460177 0.06930693069306931
3 0.7168141592920354 0.6336633663366337 0.07079646017699115 0.09900990099009901
3 0.49336283185840707 0.5024752475247525 0.06637168141592921 0.06435643564356436
3 0.8495575221238938 0.5618811881188119 0.061946902654867256 0.07425742574257425
4 0.061946902654867256 0.5544554455445545 0.07079646017699115 0.09900990099009901
