0 0.2168141592920354 0.37623762376237624 0.07079646017699115 0.10891089108910891
0 0.7411504424778761 0.42326732673267325 0.084070796460177 0.13366336633663367
0 0.911504424778761 0.7970297029702971 0.07964601769911504 0.09900990099009901
0 0.6991150442477876 0.38613861386138615 0.07079646017699115 0.07920792079207921
1 0.7256637168141593 0.6188118811881188 0.07964601769911504 0.09900990099009901
1 0.3407079646017699 0.6287128712871287 0.061946902654867256 0.10891089108910891
1 0.6061946902654868 0.8316831683168316 0.08849557522123894 0.07920792079207921
1 0.22787610619469026 0.3613861386138614 0.084070796460177 0.0891089108910891
1 0.7323008849557522 0.38366336633663367 0.084070796460177 0.10396039603960396
2 0.1261061946902655 0.745049504950495 0.048672566371681415 0.08415841584158416
