0 0.25442477876106195 0.19801980198019803 0.10176991150442478 0.10891089108910891
0 0.6172566371681416 0.6633663366336634 0.10176991150442478 0.10891089108910891
0 0.5553097345132744 0.43564356435643564 0.0752212389380531 0.0891089108910891
0 0.28761061946902655 0.8242574257425742 0.08849557522123894 0.10396039603960396
1 0.5730088495575221 0.5866336633663366 0.09292035398230089 0.09405940594059406
2 0.5287610619469026 0.08415841584158416 0.084070796460177 0.06930693069306931
3 0.17256637168141592 0.6732673267326733 0.07079646017699115 0.07920792079207921
3 0.5420353982300885 0.3564356435643564 0.0752212389380531 0.0891089108910891
3 0.6084070796460177 0.41089108910891087 0.084070796460177 0.04950495049504951
3 0.7367256637168141 0.19554455445544555 0.0752212389380531 0.06435643564356436
