0 0.1084070796460177 0.8044554455445545 0.0752212389380531 0.07425742574257425
0 0.9092920353982301 0.948019801980198 0.0752212389380531 0.09405940594059406
0 0.918141592920354 0.30198019801980197 0.06637168141592921 0.06930693069306931
1 0.584070796460177 0.9331683168316832 0.08849557522123894 0.09405940594059406
2 0.8517699115044248 0.745049504950495 0.06637168141592921 0.07425742574257425
2 0.1836283185840708 0.2079207920792079 0.048672566371681415 0.0891089108910891
3 0.7057522123893806 0.07425742574257425 0.084070796460177 0.06930693069306931
3 0.827433628318584 0.9579207920792079 0.07079646017699115 0.08415841584158416
3 0.9491150442477876 0.452970297029703 0.05752212389380531 0.07425742574257425
3 0.2588495575221239 0.8589108910891089 0.05752212389380531 0.07425742574257425
4 0.6570796460176991 0.8118811881188119 0.0752212389380531 0.0891089108910891
