0 0.8495575221238938 0.45544554455445546 0.07964601769911504 0.09900990099009901
0 0.5907079646017699 0.07673267326732673 0.09292035398230089 0.07425742574257425
0 0.8097345132743363 0.6163366336633663 0.07964601769911504 0.09405940594059406
0 0.8761061946902655 0.07425742574257425 0.11504424778761062 0.0891089108910891
0 0.6902654867256637 0.8811881188118812 0.061946902654867256 0.09900990099009901
3 0.584070796460177 0.20544554455445543 0.04424778761061947 0.06435643564356436
3 0.6216814159292036 0.3935643564356436 0.084070796460177 0.09405940594059406
3 0.16371681415929204 0.24752475247524752 0.07079646017699115 0.07920792079207921
3 0.8738938053097345 0.7252475247524752 0.06637168141592921 0.08415841584158416
3 0.497787610619469 0.7128712871287128 0.06637168141592921 0.06930693069306931
4 0.6747787610619469 0.2079207920792079 0.084070796460177 0.06930693069306931
