0 0.413716814159292 0.5841584158415841 0.0752212389380531 0.06930693069306931
0 0.7190265486725663 0.6584158415841584 0.09292035398230089 0.0891089108910891
0 0.8672566371681416 0.8910891089108911 0.08849557522123894 0.09900990099009901
0 0.8716814159292036 0.3613861386138614 0.08849557522123894 0.07920792079207921
0 0.7190265486725663 0.4381188118811881 0.084070796460177 0.07425742574257425
1 0.9446902654867256 0.650990099009901 0.09292035398230089 0.07425742574257425
1 0.11283185840707964 0.801980198019802 0.0752212389380531 0.09900990099009901
1 0.25 0.20297029702970298 0.05752212389380531 0.0891089108910891
1 0.7278761061946902 0.7698019801980198 0.084070796460177 0.09405940594059406
3 0.08628318584070796 0.6881188118811881 0.084070796460177 0.06930693069306931
