0 0.27654867256637167 0.7747524752475248 0.10176991150442478 0.11386138613861387
0 0.43805309734513276 0.2376237623762376 0.08849557522123894 0.10891089108910891
0 0.5929203539823009 0.32425742574257427 0.07079646017699115 0.10396039603960396
0 0.7743362831858407 0.349009900990099 0.09734513274336283 0.09405940594059406
0 0.1592920353982301 0.2103960396039604 0.09734513274336283 0.10396039603960396
1 0.45132743362831856 0.15594059405940594 0.07079646017699115 0.09405940594059406
1 0.5907079646017699 0.698019801980198 0.0752212389380531 0.10891089108910891
1 0.7057522123893806 0.07178217821782178 0.0752212389380531 0.08415841584158416
1 0.5685840707964602 0.2896039603960396 0.10176991150442478 0.08415841584158416
3 0.1570796460176991 0.7524752475247525 0.06637168141592921 0.07920792079207921
4 0.9092920353982301 0.22772277227722773 0.05752212389380531 0.0594059405940594
