0 0.7986725663716814 0.8514851485148515 0.10176991150442478 0.10891089108910891
0 0.4668141592920354 0.10891089108910891 0.084070796460177 0.1188118811881188
0 0.43805309734513276 0.2103960396039604 0.07964601769911504 0.11386138613861387
0 0.17035398230088494 0.07673267326732673 0.06637168141592921 0.09405940594059406
1 0.2345132743362832 0.19801980198019803 0.09734513274336283 0.10891089108910891
2 0.745575221238938 0.4801980198019802 0.05752212389380531 0.07920792079207921
3 0.22566371681415928 0.943069306930693 0.07964601769911504 0.08415841584158416
3 0.17920353982300885 0.5321782178217822 0.0752212389380531 0.10396039603960396
3 0.2610619469026549 0.46534653465346537 0.05309734513274336 0.039603960396039604
3 0.7610619469026548 0.3564356435643564 0.07079646017699115 0.10891089108910891
