0 0.32964601769911506 0.9207920792079208 0.09292035398230089 0.09900990099009901
1 0.0752212389380531 0.3465346534653465 0.10619469026548672 0.07920792079207921
1 0.8252212389380531 0.6163366336633663 0.084070796460177 0.07425742574257425
2 0.6991150442477876 0.5222772277227723 0.061946902654867256 0.08415841584158416
2 0.8672566371681416 0.650990099009901 0.07079646017699115 0.07425742574257425
2 0.16592920353982302 0.5717821782178217 0.084070796460177 0.07425742574257425
2 0.10176991150442478 0.19306930693069307 0.07964601769911504 0.0594059405940594
3 0.08185840707964602 0.16584158415841585 0.05752212389380531 0.07425742574257425
3 0.8517699115044248 0.27722772277227725 0.084070796460177 0.0594059405940594
3 0.4446902654867257 0.24504950495049505 0.084070796460177 0.07425742574257425
