0 0.07964601769911504 0.22524752475247525 0.07079646017699115 0.09405940594059406
0 0.6836283185840708 0.6237623762376238 0.11061946902654868 0.09900990099009901
1 0.5907079646017699 0.06188118811881188 0.084070796460177 0.08415841584158416
1 0.7367256637168141 0.4752475247524752 0.09292035398230089 0.09900990099009901
1 0.49557522123893805 0.08168316831683169 0.09734513274336283 0.10396039603960396
2 0.8849557522123894 0.6386138613861386 0.07079646017699115 0.0891089108910891
2 0.04424778761061947 0.4158415841584158 0.08849557522123894 0.07920792079207921
2 0.7787610619469026 0.400990099009901 0.09734513274336283 0.06930693069306931
3 0.3672566371681416 0.06683168316831684 0.05309734513274336 0.09405940594059406
3 0.13716814159292035 0.9529702970297029 0.05309734513274336 0.04455445544554455
4 0.7566371681415929 0.8242574257425742 0.061946902654867256 0.054455445544554455
