0 0.6061946902654868 0.42574257425742573 0.07964601769911504 0.09900990099009901
1 0.13938053097345132 0.8787128712871287 0.05752212389380531 0.07425742574257425
1 0.7986725663716814 0.7004950495049505 0.06637168141592921 0.10396039603960396
1 0.32079646017699115 0.754950495049505 0.05752212389380531 0.11386138613861387
1 0.09513274336283185 0.698019801980198 0.09292035398230089 0.07920792079207921
2 0.19469026548672566 0.6707920792079208 0.07079646017699115 0.09405940594059406
2 0.18141592920353983 0.42574257425742573 0.09734513274336283 0.10891089108910891
2 0.41150442477876104 0.4628712871287129 0.05309734513274336 0.09405940594059406
2 0.8030973451327433 0.5222772277227723 0.0752212389380531 0.07425742574257425
3 0.3827433628318584 0.5915841584158416 0.0752212389380531 0.08415841584158416
