0 0.13938053097345132 0.4381188118811881 0.084070796460177 0.08415841584158416
0 0.09070796460176991 0.8366336633663366 0.084070796460177 0.07920792079207921
0 0.17256637168141592 0.3712871287128713 0.09734513274336283 0.06930693069306931
0 0.5575221238938053 0.3217821782178218 0.10619469026548672 0.07920792079207921
1 0.918141592920354 0.5915841584158416 0.0752212389380531 0.10396039603960396
1 0.7234513274336283 0.07673267326732673 0.09292035398230089 0.08415841584158416
1 0.6261061946902655 0.9207920792079208 0.09292035398230089 0.06930693069306931
1 0.23672566371681417 0.5693069306930693 0.084070796460177 0.09900990099009901
1 0.8893805309734514 0.3935643564356436 0.08849557522123894 0.07425742574257425
2 0.3075221238938053 0.21534653465346534 0.0752212389380531 0.08415841584158416
4 0.43805309734513276 0.5668316831683168 0.07079646017699115 0.08415841584158416
