0 0.7809734513274337 0.18811881188118812 0.084070796460177 0.1188118811881188
0 0.7522123893805309 0.7772277227722773 0.07079646017699115 0.09900990099009901
0 0.8230088495575221 0.6584158415841584 0.07964601769911504 0.09900990099009901
1 0.9048672566371682 0.6534653465346535 0.06637168141592921 0.07920792079207921
1 0.29867256637168144 0.3217821782178218 0.084070796460177 0.07920792079207921
1 0.06415929203539823 0.8737623762376238 0.09292035398230089 0.10396039603960396
1 0.16371681415929204 0.06930693069306931 0.07964601769911504 0.10891089108910891
2 0.7345132743362832 0.3564356435643564 0.04424778761061947 0.06930693069306931
2 0.6172566371681416 0.504950495049505 0.084070796460177 0.07920792079207921
3 0.9269911504424779 0.39851485148514854 0.10176991150442478 0.06435643564356436
