0 0.12389380530973451 0.6262376237623762 0.09734513274336283 0.09405940594059406
0 0.2831858407079646 0.9108910891089109 0.10619469026548672 0.09900990099009901
0 0.918141592920354 0.1806930693069307 0.06637168141592921 0.08415841584158416
1 0.25 0.46782178217821785 0.084070796460177 0.08415841584158416
1 0.7101769911504425 0.18316831683168316 0.05752212389380531 0.10891089108910891
2 0.3495575221238938 0.3118811881188119 0.07079646017699115 0.07920792079207921
2 0.07743362831858407 0.1485148514851485 0.10176991150442478 0.06930693069306931
3 0.20575221238938052 0.39851485148514854 0.05752212389380531 0.09405940594059406
3 0.4491150442477876 0.11633663366336634 0.0752212389380531 0.06435643564356436
3 0.05309734513274336 0.33663366336633666 0.061946902654867256 0.07920792079207921
