1 0.5907079646017699 0.504950495049505 0.0752212389380531 0.0891089108910891
2 0.5176991150442478 0.3688118811881188 0.061946902654867256 0.08415841584158416
2 0.497787610619469 0.39603960396039606 0.0752212389380531 0.06930693069306931
2 0.745575221238938 0.29207920792079206 0.06637168141592921 0.0891089108910891
2 0.2920353982300885 0.556930693069307 0.061946902654867256 0.07425742574257425
2 0.8230088495575221 0.3787128712871287 0.05309734513274336 0.07425742574257425
3 0.665929203539823 0.24752475247524752 0.0752212389380531 0.06930693069306931
3 0.9646017699115044 0.19306930693069307 0.07079646017699115 0.07920792079207921
3 0.5575221238938053 0.693069306930693 0.07964601769911504 0.07920792079207921
3 0.6836283185840708 0.9455445544554455 0.06637168141592921 0.07920792079207921
4 0.581858407079646 0.0891089108910891 0.084070796460177 0.07920792079207921
