0 0.2234513274336283 0.12128712871287128 0.09292035398230089 0.08415841584158416
0 0.23893805309734514 0.6163366336633663 0.10619469026548672 0.09405940594059406
0 0.7212389380530974 0.4876237623762376 0.07964601769911504 0.08415841584158416
1 0.17035398230088494 0.6188118811881188 0.0752212389380531 0.09900990099009901
1 0.8783185840707964 0.7202970297029703 0.06637168141592921 0.09405940594059406
1 0.8938053097345132 0.17326732673267325 0.07964601769911504 0.09900990099009901
1 0.22787610619469026 0.5618811881188119 0.084070796460177 0.07425742574257425
1 0.4911504424778761 0.4975247524752475 0.10619469026548672 0.11386138613861387
2 0.4646017699115044 0.2524752475247525 0.08849557522123894 0.07920792079207921
2 0.3495575221238938 0.24257425742574257 0.07964601769911504 0.07920792079207921
