0 0.27654867256637167 0.43564356435643564 0.0752212389380531 0.09900990099009901
0 0.20575221238938052 0.0594059405940594 0.09292035398230089 0.10891089108910891
0 0.415929203539823 0.6584158415841584 0.08849557522123894 0.1188118811881188
0 0.6305309734513275 0.8886138613861386 0.084070796460177 0.10396039603960396
2 0.6637168141592921 0.8762376237623762 0.07079646017699115 0.09900990099009901
3 0.7942477876106194 0.35148514851485146 0.084070796460177 0.0891089108910891
3 0.6969026548672567 0.2995049504950495 0.084070796460177 0.06435643564356436
3 0.7323008849557522 0.39851485148514854 0.03982300884955752 0.06435643564356436
3 0.8008849557522124 0.7301980198019802 0.08849557522123894 0.054455445544554455
3 0.07964601769911504 0.23267326732673269 0.07079646017699115 0.06930693069306931
4 0.7699115044247787 0.47029702970297027 0.10619469026548672 0.09900990099009901
