2 0.5376106194690266 0.6212871287128713 0.084070796460177 0.07425742574257425
2 0.668141592920354 0.5891089108910891 0.05309734513274336 0.06930693069306931
2 0.39601769911504425 0.8465346534653465 0.05752212389380531 0.06930693069306931
2 0.5929203539823009 0.5173267326732673 0.08849557522123894 0.10396039603960396
2 0.3407079646017699 0.04950495049504951 0.07964601769911504 0.07920792079207921
3 0.38495575221238937 0.5272277227722773 0.07079646017699115 0.04455445544554455
3 0.1504424778761062 0.2202970297029703 0.07079646017699115 0.07425742574257425
3 0.059734513274336286 0.8465346534653465 0.10176991150442478 0.10891089108910891
3 0.6902654867256637 0.31435643564356436 0.07079646017699115 0.08415841584158416
3 0.40707964601769914 0.745049504950495 0.07964601769911504 0.08415841584158416
