0 0.8030973451327433 0.4405940594059406 0.09292035398230089 0.09900990099009901
2 0.12389380530973451 0.14356435643564355 0.07964601769911504 0.06930693069306931
2 0.11061946902654868 0.9504950495049505 0.07079646017699115 0.06930693069306931
2 0.47123893805309736 0.07920792079207921 0.06637168141592921 0.06930693069306931
2 0.8517699115044248 0.4282178217821782 0.03982300884955752 0.09405940594059406
3 0.6371681415929203 0.17574257425742573 0.061946902654867256 0.06435643564356436
3 0.5066371681415929 0.9331683168316832 0.048672566371681415 0.10396039603960396
3 0.3694690265486726 0.7920792079207921 0.084070796460177 0.07920792079207921
3 0.41150442477876104 0.15099009900990099 0.08849557522123894 0.07425742574257425
3 0.5110619469026548 0.09158415841584158 0.06637168141592921 0.07425742574257425
