0 0.17920353982300885 0.43564356435643564 0.09292035398230089 0.0891089108910891
1 0.8805309734513275 0.6064356435643564 0.07079646017699115 0.10396039603960396
1 0.26327433628318586 0.16584158415841585 0.084070796460177 0.06435643564356436
1 0.168141592920354 0.19554455445544555 0.08849557522123894 0.07425742574257425
1 0.413716814159292 0.41336633663366334 0.06637168141592921 0.07425742574257425
2 0.1570796460176991 0.7772277227722773 0.0752212389380531 0.0891089108910891
2 0.6880530973451328 0.19801980198019803 0.084070796460177 0.07920792079207921
2 0.415929203539823 0.1806930693069307 0.07079646017699115 0.08415841584158416
2 0.7300884955752213 0.6039603960396039 0.09734513274336283 0.09900990099009901
3 0.7256637168141593 0.5321782178217822 0.05309734513274336 0.07425742574257425
