0 0.9446902654867256 0.4752475247524752 0.0752212389380531 0.0891089108910891
0 0.4314159292035398 0.806930693069307 0.0752212389380531 0.10891089108910891
0 0.06858407079646017 0.20297029702970298 0.10176991150442478 0.10891089108910891
0 0.40707964601769914 0.8737623762376238 0.061946902654867256 0.08415841584158416
0 0.35176991150442477 0.6039603960396039 0.084070796460177 0.1188118811881188
1 0.19247787610619468 0.6460396039603961 0.084070796460177 0.09405940594059406
1 0.6438053097345132 0.28465346534653463 0.0752212389380531 0.06435643564356436
1 0.15486725663716813 0.8366336633663366 0.07964601769911504 0.0891089108910891
1 0.7433628318584071 0.5767326732673267 0.07964601769911504 0.07425742574257425
3 0.27654867256637167 0.4777227722772277 0.0752212389380531 0.06435643564356436
