0 0.3274336283185841 0.31683168316831684 0.07079646017699115 0.10891089108910891
0 0.15265486725663716 0.29207920792079206 0.084070796460177 0.07920792079207921
0 0.8517699115044248 0.33663366336633666 0.09292035398230089 0.0891089108910891
0 0.8849557522123894 0.6757425742574258 0.07964601769911504 0.08415841584158416
1 0.34513274336283184 0.39851485148514854 0.07964601769911504 0.10396039603960396
2 0.14601769911504425 0.08663366336633663 0.09734513274336283 0.09405940594059406
3 0.9070796460176991 0.698019801980198 0.07079646017699115 0.07920792079207921
3 0.47345132743362833 0.5222772277227723 0.05309734513274336 0.07425742574257425
3 0.12389380530973451 0.9158415841584159 0.07079646017699115 0.0891089108910891
3 0.9092920353982301 0.4381188118811881 0.03982300884955752 0.06435643564356436
4 0.9424778761061947 0.5321782178217822 0.07079646017699115 0.10396039603960396
