0 0.46238938053097345 0.3811881188118812 0.084070796460177 0.10891089108910891
0 0.7920353982300885 0.7326732673267327 0.07964601769911504 0.0891089108910891
0 0.7853982300884956 0.2722772277227723 0.05752212389380531 0.06930693069306931
0 0.07300884955752213 0.8811881188118812 0.06637168141592921 0.10891089108910891
0 0.2743362831858407 0.6485148514851485 0.08849557522123894 0.07920792079207921
1 0.8141592920353983 0.6410891089108911 0.07964601769911504 0.10396039603960396
1 0.3141592920353982 0.44801980198019803 0.09734513274336283 0.07425742574257425
1 0.5973451327433629 0.5915841584158416 0.08849557522123894 0.08415841584158416
3 0.5995575221238938 0.6361386138613861 0.06637168141592921 0.08415841584158416
3 0.5088495575221239 0.3465346534653465 0.07079646017699115 0.0891089108910891
4 0.7079646017699115 0.8811881188118812 0.05309734513274336 0.0594059405940594
