0 0.6858407079646017 0.7227722772277227 0.08849557522123894 0.09900990099009901
0 0.23893805309734514 0.4034653465346535 0.09734513274336283 0.08415841584158416
0 0.33849557522123896 0.2599009900990099 0.084070796460177 0.09405940594059406
0 0.7942477876106194 0.09158415841584158 0.084070796460177 0.09405940594059406
2 0.7256637168141593 0.10148514851485149 0.07079646017699115 0.08415841584158416
3 0.35176991150442477 0.10891089108910891 0.048672566371681415 0.06930693069306931
3 0.7212389380530974 0.6460396039603961 0.09734513274336283 0.06435643564356436
3 0.13274336283185842 0.4876237623762376 0.061946902654867256 0.06435643564356436
3 0.7676991150442478 0.13613861386138615 0.0752212389380531 0.09405940594059406
3 0.2013274336283186 0.18316831683168316 0.03982300884955752 0.0594059405940594
