0 0.7986725663716814 0.3465346534653465 0.06637168141592921 0.07920792079207921
0 0.8495575221238938 0.6064356435643564 0.09734513274336283 0.10396039603960396
0 0.25663716814159293 0.38613861386138615 0.07964601769911504 0.0891089108910891
0 0.3915929203539823 0.943069306930693 0.05752212389380531 0.10396039603960396
1 0.9004424778761062 0.9034653465346535 0.084070796460177 0.08415841584158416
1 0.1836283185840708 0.7178217821782178 0.09292035398230089 0.0891089108910891
1 0.9424778761061947 0.47029702970297027 0.09734513274336283 0.07920792079207921
1 0.6703539823008849 0.1485148514851485 0.09292035398230089 0.07920792079207921
2 0.11061946902654868 0.33910891089108913 0.08849557522123894 0.10396039603960396
3 0.3805309734513274 0.655940594059406 0.05309734513274336 0.04455445544554455
4 0.06858407079646017 0.6410891089108911 0.084070796460177 0.09405940594059406
