0 0.9314159292035398 0.4034653465346535 0.0752212389380531 0.09405940594059406
0 0.6814159292035398 0.3688118811881188 0.08849557522123894 0.09405940594059406
0 0.8119469026548672 0.44801980198019803 0.084070796460177 0.11386138613861387
0 0.8938053097345132 0.33910891089108913 0.07079646017699115 0.09405940594059406
1 0.13495575221238937 0.24257425742574257 0.06637168141592921 0.0891089108910891
1 0.7853982300884956 0.8836633663366337 0.084070796460177 0.06435643564356436
2 0.4557522123893805 0.7970297029702971 0.07079646017699115 0.07920792079207921
3 0.6924778761061947 0.9084158415841584 0.0752212389380531 0.10396039603960396
3 0.8938053097345132 0.7252475247524752 0.07079646017699115 0.09405940594059406
3 0.8606194690265486 0.452970297029703 0.06637168141592921 0.07425742574257425
