0 0.37389380530973454 0.9529702970297029 0.10176991150442478 0.09405940594059406
0 0.5287610619469026 0.801980198019802 0.10176991150442478 0.0891089108910891
0 0.9203539823008849 0.12128712871287128 0.08849557522123894 0.09405940594059406
1 0.48451327433628316 0.3564356435643564 0.084070796460177 0.10891089108910891
1 0.09513274336283185 0.3787128712871287 0.09292035398230089 0.07425742574257425
1 0.11946902654867257 0.08415841584158416 0.07964601769911504 0.06930693069306931
2 0.5154867256637168 0.45544554455445546 0.06637168141592921 0.0594059405940594
2 0.8871681415929203 0.2524752475247525 0.09292035398230089 0.07920792079207921
3 0.4446902654867257 0.034653465346534656 0.06637168141592921 0.06930693069306931
3 0.8960176991150443 0.5321782178217822 0.084070796460177 0.09405940594059406
4 0.3274336283185841 0.13613861386138615 0.09734513274336283 0.11386138613861387
