0 0.29867256637168144 0.37623762376237624 0.084070796460177 0.09900990099009901
0 0.36283185840707965 0.698019801980198 0.07079646017699115 0.0891089108910891
1 0.07079646017699115 0.06930693069306931 0.07964601769911504 0.0891089108910891
1 0.9092920353982301 0.6608910891089109 0.0752212389380531 0.08415841584158416
1 0.5265486725663717 0.3118811881188119 0.07964601769911504 0.07920792079207921
2 0.8075221238938053 0.6856435643564357 0.0752212389380531 0.08415841584158416
2 0.5641592920353983 0.34405940594059403 0.09292035398230089 0.07425742574257425
2 0.5995575221238938 0.11386138613861387 0.084070796460177 0.07920792079207921
3 0.918141592920354 0.4975247524752475 0.084070796460177 0.07425742574257425
3 0.19690265486725664 0.844059405940594 0.0752212389380531 0.09405940594059406
