0 0.2721238938053097 0.2747524752475248 0.09292035398230089 0.09405940594059406
1 0.336283185840708 0.6806930693069307 0.08849557522123894 0.08415841584158416
1 0.9601769911504425 0.8836633663366337 0.07964601769911504 0.08415841584158416
1 0.7898230088495575 0.05693069306930693 0.09292035398230089 0.08415841584158416
1 0.6946902654867256 0.09653465346534654 0.09734513274336283 0.10396039603960396
2 0.7942477876106194 0.5396039603960396 0.084070796460177 0.06930693069306931
2 0.2676991150442478 0.1608910891089109 0.084070796460177 0.06435643564356436
2 0.3584070796460177 0.26732673267326734 0.07964601769911504 0.07920792079207921
2 0.19911504424778761 0.4282178217821782 0.07964601769911504 0.054455445544554455
3 0.5199115044247787 0.6188118811881188 0.09292035398230089 0.06930693069306931
