2 0.6880530973451328 0.2722772277227723 0.0752212389380531 0.06930693069306931
2 0.5929203539823009 0.41089108910891087 0.08849557522123894 0.0891089108910891
2 0.584070796460177 0.23267326732673269 0.08849557522123894 0.07920792079207921
2 0.8960176991150443 0.07673267326732673 0.0752212389380531 0.08415841584158416
2 0.3252212389380531 0.3415841584158416 0.0752212389380531 0.09900990099009901
3 0.36504424778761063 0.04702970297029703 0.0752212389380531 0.07425742574257425
3 0.6238938053097345 0.806930693069307 0.08849557522123894 0.07920792079207921
3 0.2588495575221239 0.8564356435643564 0.0752212389380531 0.10891089108910891
3 0.7323008849557522 0.4282178217821782 0.0752212389380531 0.07425742574257425
3 0.922566371681416 0.40594059405940597 0.084070796460177 0.0594059405940594
