2 0.5508849557522124 0.6757425742574258 0.084070796460177 0.09405940594059406
2 0.31194690265486724 0.6113861386138614 0.0752212389380531 0.06435643564356436
2 0.9601769911504425 0.33663366336633666 0.05309734513274336 0.07920792079207921
2 0.9048672566371682 0.7945544554455446 0.05752212389380531 0.07425742574257425
2 0.6415929203539823 0.5915841584158416 0.07079646017699115 0.06435643564356436
3 0.8119469026548672 0.5965346534653465 0.10176991150442478 0.09405940594059406
3 0.5376106194690266 0.5742574257425742 0.0752212389380531 0.06930693069306931
3 0.6150442477876106 0.22277227722772278 0.07079646017699115 0.04950495049504951
3 0.3694690265486726 0.8638613861386139 0.03982300884955752 0.04455445544554455
3 0.7101769911504425 0.09653465346534654 0.0752212389380531 0.08415841584158416
4 0.41814159292035397 0.698019801980198 0.084070796460177 0.10891089108910891
