1 0.13938053097345132 0.14356435643564355 0.0752212389380531 0.07920792079207921
1 0.8185840707964602 0.7524752475247525 0.08849557522123894 0.07920792079207921
1 0.3274336283185841 0.31683168316831684 0.07079646017699115 0.0891089108910891
1 0.75 0.08663366336633663 0.0752212389380531 0.07425742574257425
1 0.7699115044247787 0.3415841584158416 0.07964601769911504 0.09900990099009901
2 0.3030973451327434 0.9405940594059405 0.06637168141592921 0.10891089108910891
2 0.4026548672566372 0.8787128712871287 0.07079646017699115 0.07425742574257425
2 0.0420353982300885 0.349009900990099 0.084070796460177 0.08415841584158416
2 0.6061946902654868 0.8341584158415841 0.08849557522123894 0.09405940594059406
2 0.7300884955752213 0.4975247524752475 0.05309734513274336 0.08415841584158416
4 0.5088495575221239 0.7747524752475248 0.07079646017699115 0.09405940594059406
