0 0.5132743362831859 0.16831683168316833 0.07964601769911504 0.0891089108910891
0 0.4358407079646018 0.41336633663366334 0.09292035398230089 0.10396039603960396
0 0.8539823008849557 0.754950495049505 0.10619469026548672 0.09405940594059406
0 0.6526548672566371 0.33910891089108913 0.06637168141592921 0.08415841584158416
1 0.8628318584070797 0.5816831683168316 0.07964601769911504 0.10396039603960396
1 0.14380530973451328 0.4801980198019802 0.0752212389380531 0.06930693069306931
1 0.3606194690265487 0.8960396039603961 0.0752212389380531 0.09900990099009901
1 0.6017699115044248 0.7673267326732673 0.09734513274336283 0.09900990099009901
2 0.9646017699115044 0.7970297029702971 0.07079646017699115 0.0891089108910891
3 0.24557522123893805 0.5915841584158416 0.0752212389380531 0.08415841584158416
