0 0.19469026548672566 0.8638613861386139 0.09734513274336283 0.08415841584158416
0 0.3163716814159292 0.04950495049504951 0.084070796460177 0.0891089108910891
0 0.8362831858407079 0.5123762376237624 0.08849557522123894 0.08415841584158416
1 0.2721238938053097 0.1188118811881188 0.084070796460177 0.0891089108910891
1 0.336283185840708 0.5841584158415841 0.07079646017699115 0.09900990099009901
2 0.252212389380531 0.5618811881188119 0.07079646017699115 0.08415841584158416
2 0.048672566371681415 0.6212871287128713 0.07964601769911504 0.06435643564356436
3 0.2411504424778761 0.33910891089108913 0.084070796460177 0.07425742574257425
3 0.08185840707964602 0.745049504950495 0.084070796460177 0.07425742574257425
3 0.14601769911504425 0.22772277227722773 0.07079646017699115 0.0891089108910891
4 0.18141592920353983 0.5915841584158416 0.061946902654867256 0.08415841584158416
