0 0.661504424778761 0.4084158415841584 0.09292035398230089 0.08415841584158416
0 0.8119469026548672 0.7945544554455446 0.0752212389380531 0.07425742574257425
0 0.16371681415929204 0.49257425742574257 0.08849557522123894 0.11386138613861387
0 0.084070796460177 0.8688118811881188 0.07964601769911504 0.08415841584158416
0 0.19911504424778761 0.38366336633663367 0.07079646017699115 0.08415841584158416
3 0.75 0.5693069306930693 0.09292035398230089 0.0891089108910891
3 0.7743362831858407 0.1707920792079208 0.07079646017699115 0.08415841584158416
3 0.3230088495575221 0.47029702970297027 0.07079646017699115 0.04950495049504951
3 0.09292035398230089 0.5099009900990099 0.07079646017699115 0.09900990099009901
3 0.8561946902654868 0.1905940594059406 0.0752212389380531 0.10396039603960396
4 0.5929203539823009 0.75 0.061946902654867256 0.08415841584158416
