0 0.9535398230088495 0.7698019801980198 0.084070796460177 0.11386138613861387
0 0.336283185840708 0.6039603960396039 0.07079646017699115 0.0891089108910891
1 0.8938053097345132 0.39603960396039606 0.07964601769911504 0.0891089108910891
1 0.37831858407079644 0.0891089108910891 0.09292035398230089 0.0891089108910891
1 0.834070796460177 0.3069306930693069 0.084070796460177 0.0891089108910891
2 0.7477876106194691 0.19554455445544555 0.07079646017699115 0.08415841584158416
2 0.5796460176991151 0.13861386138613863 0.07964601769911504 0.07920792079207921
2 0.6128318584070797 0.7103960396039604 0.03982300884955752 0.08415841584158416
3 0.38495575221238937 0.2623762376237624 0.05309734513274336 0.07920792079207921
3 0.6238938053097345 0.7846534653465347 0.08849557522123894 0.09405940594059406
4 0.6238938053097345 0.37623762376237624 0.08849557522123894 0.0891089108910891
