0 0.5553097345132744 0.6782178217821783 0.09292035398230089 0.09900990099009901
0 0.7411504424778761 0.3787128712871287 0.10176991150442478 0.09405940594059406
1 0.48451327433628316 0.4876237623762376 0.084070796460177 0.09405940594059406
2 0.30973451327433627 0.6460396039603961 0.061946902654867256 0.07425742574257425
2 0.838495575221239 0.5866336633663366 0.06637168141592921 0.08415841584158416
2 0.07079646017699115 0.5321782178217822 0.07964601769911504 0.08415841584158416
3 0.9402654867256637 0.7747524752475248 0.084070796460177 0.07425742574257425
3 0.3915929203539823 0.08415841584158416 0.05752212389380531 0.07920792079207921
3 0.08185840707964602 0.32673267326732675 0.06637168141592921 0.09900990099009901
3 0.7809734513274337 0.41336633663366334 0.0752212389380531 0.07425742574257425
