0 0.4889380530973451 0.9183168316831684 0.084070796460177 0.12376237623762376
0 0.8030973451327433 0.2004950495049505 0.06637168141592921 0.12376237623762376
1 0.9402654867256637 0.08663366336633663 0.0752212389380531 0.07425742574257425
1 0.26327433628318586 0.33910891089108913 0.09292035398230089 0.09405940594059406
2 0.37389380530973454 0.7252475247524752 0.084070796460177 0.06435643564356436
2 0.4756637168141593 0.75 0.0752212389380531 0.08415841584158416
2 0.22566371681415928 0.3935643564356436 0.07079646017699115 0.08415841584158416
3 0.6349557522123894 0.36633663366336633 0.0752212389380531 0.0594059405940594
3 0.2676991150442478 0.3217821782178218 0.048672566371681415 0.07920792079207921
3 0.6924778761061947 0.8688118811881188 0.084070796460177 0.06435643564356436
