0 0.6415929203539823 0.7054455445544554 0.08849557522123894 0.07425742574257425
0 0.5641592920353983 0.1188118811881188 0.0752212389380531 0.0891089108910891
0 0.2610619469026549 0.17326732673267325 0.09734513274336283 0.09900990099009901
0 0.48008849557522126 0.8242574257425742 0.084070796460177 0.07425742574257425
1 0.7190265486725663 0.8044554455445545 0.084070796460177 0.09405940594059406
2 0.14601769911504425 0.8886138613861386 0.061946902654867256 0.07425742574257425
3 0.25 0.5346534653465347 0.03982300884955752 0.0594059405940594
3 0.2610619469026549 0.07673267326732673 0.07079646017699115 0.07425742574257425
3 0.5420353982300885 0.26485148514851486 0.10176991150442478 0.09405940594059406
3 0.9292035398230089 0.5915841584158416 0.061946902654867256 0.09405940594059406
