0 0.05752212389380531 0.3316831683168317 0.061946902654867256 0.07920792079207921
0 0.8628318584070797 0.7103960396039604 0.08849557522123894 0.09405940594059406
1 0.49336283185840707 0.09900990099009901 0.10176991150442478 0.10891089108910891
1 0.8362831858407079 0.6460396039603961 0.07964601769911504 0.08415841584158416
1 0.4092920353982301 0.06683168316831684 0.06637168141592921 0.09405940594059406
2 0.6814159292035398 0.806930693069307 0.061946902654867256 0.06930693069306931
2 0.8606194690265486 0.09653465346534654 0.05752212389380531 0.09405940594059406
2 0.8716814159292036 0.5544554455445545 0.07079646017699115 0.09900990099009901
3 0.4778761061946903 0.9405940594059405 0.07964601769911504 0.09900990099009901
3 0.3584070796460177 0.38613861386138615 0.07964601769911504 0.07920792079207921
