0 0.6371681415929203 0.6138613861386139 0.09734513274336283 0.10891089108910891
0 0.588495575221239 0.8861386138613861 0.07079646017699115 0.0891089108910891
1 0.8716814159292036 0.5445544554455446 0.08849557522123894 0.09900990099009901
1 0.5575221238938053 0.09405940594059406 0.11504424778761062 0.09900990099009901
1 0.7765486725663717 0.6633663366336634 0.084070796460177 0.10891089108910891
2 0.09955752212389381 0.9678217821782178 0.06637168141592921 0.06435643564356436
2 0.7079646017699115 0.16831683168316833 0.061946902654867256 0.07920792079207921
2 0.12389380530973451 0.43316831683168316 0.07964601769911504 0.09405940594059406
3 0.36283185840707965 0.4628712871287129 0.07964601769911504 0.09405940594059406
3 0.48008849557522126 0.17326732673267325 0.0752212389380531 0.06930693069306931
4 0.4646017699115044 0.24752475247524752 0.07964601769911504 0.09900990099009901
