0 0.49336283185840707 0.400990099009901 0.09292035398230089 0.09900990099009901
0 0.6969026548672567 0.6113861386138614 0.05752212389380531 0.10396039603960396
1 0.7057522123893806 0.5841584158415841 0.10176991150442478 0.07920792079207921
2 0.07743362831858407 0.504950495049505 0.06637168141592921 0.07920792079207921
2 0.8252212389380531 0.3341584158415842 0.084070796460177 0.07425742574257425
2 0.8230088495575221 0.16336633663366337 0.07079646017699115 0.06930693069306931
3 0.8761061946902655 0.7896039603960396 0.07079646017699115 0.09405940594059406
3 0.12168141592920353 0.7153465346534653 0.084070796460177 0.09405940594059406
3 0.31194690265486724 0.4084158415841584 0.05752212389380531 0.07425742574257425
3 0.1836283185840708 0.7178217821782178 0.05752212389380531 0.06930693069306931
4 0.9469026548672567 0.8688118811881188 0.07964601769911504 0.08415841584158416
