0 0.3053097345132743 0.5074257425742574 0.08849557522123894 0.11386138613861387
0 0.2411504424778761 0.07425742574257425 0.048672566371681415 0.0891089108910891
1 0.413716814159292 0.41089108910891087 0.06637168141592921 0.07920792079207921
1 0.07964601769911504 0.7004950495049505 0.09734513274336283 0.09405940594059406
1 0.29867256637168144 0.2524752475247525 0.084070796460177 0.07920792079207921
1 0.8982300884955752 0.8737623762376238 0.08849557522123894 0.09405940594059406
2 0.21017699115044247 0.4752475247524752 0.09292035398230089 0.06930693069306931
2 0.4269911504424779 0.8539603960396039 0.0752212389380531 0.054455445544554455
2 0.4690265486725664 0.3712871287128713 0.07079646017699115 0.06930693069306931
3 0.4889380530973451 0.5420792079207921 0.084070796460177 0.054455445544554455
