0 0.5066371681415929 0.49257425742574257 0.0752212389380531 0.08415841584158416
0 0.9446902654867256 0.10148514851485149 0.06637168141592921 0.08415841584158416
0 0.4358407079646018 0.8564356435643564 0.0752212389380531 0.06930693069306931
0 0.14601769911504425 0.5272277227722773 0.07964601769911504 0.09405940594059406
1 0.7721238938053098 0.6064356435643564 0.09292035398230089 0.07425742574257425
1 0.6991150442477876 0.6262376237623762 0.08849557522123894 0.07425742574257425
1 0.4889380530973451 0.948019801980198 0.09292035398230089 0.06435643564356436
1 0.3163716814159292 0.25742574257425743 0.09292035398230089 0.0891089108910891
2 0.7920353982300885 0.33663366336633666 0.08849557522123894 0.0891089108910891
3 0.30973451327433627 0.4900990099009901 0.061946902654867256 0.09900990099009901
4 0.8429203539823009 0.09405940594059406 0.06637168141592921 0.07920792079207921
