0 0.588495575221239 0.6584158415841584 0.11504424778761062 0.07920792079207921
0 0.24557522123893805 0.22277227722772278 0.05752212389380531 0.09900990099009901
0 0.3915929203539823 0.8267326732673267 0.09292035398230089 0.09900990099009901
2 0.13716814159292035 0.693069306930693 0.05309734513274336 0.07920792079207921
2 0.5420353982300885 0.5346534653465347 0.084070796460177 0.09900990099009901
3 0.8761061946902655 0.3415841584158416 0.09734513274336283 0.0891089108910891
3 0.46238938053097345 0.09653465346534654 0.03982300884955752 0.08415841584158416
3 0.3473451327433628 0.7772277227722773 0.03982300884955752 0.06930693069306931
3 0.5995575221238938 0.844059405940594 0.084070796460177 0.09405940594059406
3 0.1415929203539823 0.7178217821782178 0.07964601769911504 0.0891089108910891
4 0.5243362831858407 0.745049504950495 0.0752212389380531 0.09405940594059406
