0 0.9424778761061947 0.6881188118811881 0.07964601769911504 0.10891089108910891
0 0.42035398230088494 0.14603960396039603 0.061946902654867256 0.08415841584158416
1 0.21902654867256638 0.5792079207920792 0.11061946902654868 0.1188118811881188
1 0.46238938053097345 0.0891089108910891 0.09292035398230089 0.09900990099009901
1 0.28761061946902655 0.7202970297029703 0.08849557522123894 0.09405940594059406
1 0.3495575221238938 0.45792079207920794 0.09734513274336283 0.11386138613861387
1 0.41150442477876104 0.6881188118811881 0.061946902654867256 0.07920792079207921
2 0.08185840707964602 0.1485148514851485 0.09292035398230089 0.0891089108910891
2 0.9424778761061947 0.9232673267326733 0.07964601769911504 0.08415841584158416
2 0.5132743362831859 0.32425742574257427 0.07079646017699115 0.09405940594059406
4 0.8163716814159292 0.5841584158415841 0.084070796460177 0.07920792079207921
