0 0.13495575221238937 0.1905940594059406 0.0752212389380531 0.09405940594059406
0 0.38716814159292035 0.7599009900990099 0.10176991150442478 0.09405940594059406
0 0.504424778761062 0.4306930693069307 0.07079646017699115 0.09900990099009901
0 0.21017699115044247 0.3564356435643564 0.09292035398230089 0.07920792079207921
0 0.7876106194690266 0.8514851485148515 0.08849557522123894 0.09900990099009901
1 0.9247787610619469 0.2698019801980198 0.09734513274336283 0.10396039603960396
1 0.9292035398230089 0.8193069306930693 0.07079646017699115 0.07425742574257425
3 0.7831858407079646 0.5272277227722773 0.08849557522123894 0.07425742574257425
3 0.29867256637168144 0.3811881188118812 0.06637168141592921 0.06930693069306931
3 0.1570796460176991 0.5371287128712872 0.09292035398230089 0.08415841584158416
