0 0.10619469026548672 0.8638613861386139 0.09734513274336283 0.09405940594059406
1 0.4491150442477876 0.16584158415841585 0.084070796460177 0.09405940594059406
1 0.6415929203539823 0.7772277227722773 0.09734513274336283 0.0891089108910891
1 0.37389380530973454 0.6905940594059405 0.0752212389380531 0.10396039603960396
2 0.8473451327433629 0.23514851485148514 0.05752212389380531 0.10396039603960396
2 0.4823008849557522 0.5247524752475248 0.07964601769911504 0.07920792079207921
2 0.46017699115044247 0.2698019801980198 0.061946902654867256 0.08415841584158416
2 0.18584070796460178 0.3910891089108911 0.08849557522123894 0.09900990099009901
3 0.048672566371681415 0.31683168316831684 0.09734513274336283 0.04950495049504951
3 0.48451327433628316 0.4084158415841584 0.0752212389380531 0.06435643564356436
4 0.13053097345132744 0.7698019801980198 0.084070796460177 0.07425742574257425
