0 0.26991150442477874 0.650990099009901 0.09734513274336283 0.10396039603960396
2 0.7367256637168141 0.2079207920792079 0.09292035398230089 0.06930693069306931
2 0.661504424778761 0.7004950495049505 0.0752212389380531 0.10396039603960396
2 0.6902654867256637 0.7945544554455446 0.07964601769911504 0.08415841584158416
2 0.8960176991150443 0.7153465346534653 0.0752212389380531 0.08415841584158416
3 0.8030973451327433 0.2376237623762376 0.06637168141592921 0.09900990099009901
3 0.9446902654867256 0.6014851485148515 0.06637168141592921 0.08415841584158416
3 0.4579646017699115 0.25 0.0752212389380531 0.08415841584158416
3 0.24336283185840707 0.13366336633663367 0.05309734513274336 0.0594059405940594
3 0.9292035398230089 0.6361386138613861 0.04424778761061947 0.06435643564356436
