0 0.6194690265486725 0.7376237623762376 0.07964601769911504 0.09900990099009901
0 0.20353982300884957 0.12376237623762376 0.07964601769911504 0.09900990099009901
0 0.11061946902654868 0.6831683168316832 0.07079646017699115 0.0891089108910891
1 0.7964601769911505 0.4034653465346535 0.10619469026548672 0.08415841584158416
1 0.21017699115044247 0.6633663366336634 0.09292035398230089 0.10891089108910891
2 0.5995575221238938 0.655940594059406 0.06637168141592921 0.07425742574257425
2 0.0752212389380531 0.04207920792079208 0.07079646017699115 0.06435643564356436
3 0.75 0.6188118811881188 0.0752212389380531 0.07920792079207921
3 0.8429203539823009 0.06435643564356436 0.084070796460177 0.09900990099009901
3 0.24336283185840707 0.2623762376237624 0.05309734513274336 0.07920792079207921
4 0.17256637168141592 0.698019801980198 0.07964601769911504 0.1188118811881188
