0 0.2942477876106195 0.1806930693069307 0.0752212389380531 0.09405940594059406
0 0.8119469026548672 0.698019801980198 0.09292035398230089 0.10891089108910891
0 0.5 0.21287128712871287 0.07964601769911504 0.06930693069306931
1 0.8517699115044248 0.2871287128712871 0.10176991150442478 0.09900990099009901
2 0.5862831858407079 0.7400990099009901 0.0752212389380531 0.10396039603960396
2 0.48672566371681414 0.5742574257425742 0.07964601769911504 0.07920792079207921
3 0.7876106194690266 0.3193069306930693 0.061946902654867256 0.08415841584158416
3 0.7123893805309734 0.33910891089108913 0.061946902654867256 0.054455445544554455
3 0.6570796460176991 0.32425742574257427 0.09292035398230089 0.09405940594059406
3 0.37389380530973454 0.5297029702970297 0.05752212389380531 0.06930693069306931
