0 0.5530973451327433 0.6732673267326733 0.08849557522123894 0.06930693069306931
0 0.06637168141592921 0.04207920792079208 0.08849557522123894 0.08415841584158416
1 0.8119469026548672 0.8910891089108911 0.11061946902654868 0.0891089108910891
2 0.7146017699115044 0.3069306930693069 0.06637168141592921 0.07920792079207921
2 0.5066371681415929 0.8415841584158416 0.06637168141592921 0.0891089108910891
2 0.5907079646017699 0.7772277227722773 0.0752212389380531 0.07920792079207921
3 0.2013274336283186 0.2698019801980198 0.084070796460177 0.07425742574257425
3 0.831858407079646 0.8267326732673267 0.04424778761061947 0.07920792079207921
3 0.7146017699115044 0.33663366336633666 0.048672566371681415 0.0594059405940594
3 0.6017699115044248 0.7351485148514851 0.07079646017699115 0.07425742574257425
