1 0.5243362831858407 0.05198019801980198 0.10176991150442478 0.08415841584158416
1 0.17920353982300885 0.806930693069307 0.06637168141592921 0.09900990099009901
1 0.9004424778761062 0.5965346534653465 0.0752212389380531 0.12376237623762376
1 0.5508849557522124 0.5816831683168316 0.09292035398230089 0.054455445544554455
2 0.7676991150442478 0.7004950495049505 0.084070796460177 0.09405940594059406
2 0.9402654867256637 0.3217821782178218 0.05752212389380531 0.07920792079207921
2 0.3584070796460177 0.21534653465346534 0.05309734513274336 0.07425742574257425
2 0.745575221238938 0.10148514851485149 0.06637168141592921 0.08415841584158416
2 0.2809734513274336 0.35396039603960394 0.0752212389380531 0.07425742574257425
3 0.8761061946902655 0.5544554455445545 0.07964601769911504 0.09900990099009901
4 0.46238938053097345 0.6014851485148515 0.05752212389380531 0.06435643564356436
