0 0.8119469026548672 0.23267326732673269 0.0752212389380531 0.06930693069306931
1 0.15486725663716813 0.6113861386138614 0.07964601769911504 0.06435643564356436
1 0.7831858407079646 0.2301980198019802 0.07964601769911504 0.08415841584158416
1 0.3561946902654867 0.30445544554455445 0.084070796460177 0.09405940594059406
2 0.17256637168141592 0.3069306930693069 0.09734513274336283 0.06930693069306931
2 0.09292035398230089 0.3193069306930693 0.07079646017699115 0.08415841584158416
2 0.24778761061946902 0.551980198019802 0.05309734513274336 0.10396039603960396
2 0.7566371681415929 0.7772277227722773 0.061946902654867256 0.10891089108910891
3 0.661504424778761 0.7376237623762376 0.084070796460177 0.0891089108910891
3 0.4469026548672566 0.36386138613861385 0.05309734513274336 0.054455445544554455
