0 0.5553097345132744 0.8217821782178217 0.0752212389380531 0.10891089108910891
0 0.22123893805309736 0.18316831683168316 0.09734513274336283 0.07920792079207921
1 0.8561946902654868 0.7153465346534653 0.084070796460177 0.09405940594059406
1 0.28761061946902655 0.8094059405940595 0.07964601769911504 0.08415841584158416
2 0.18141592920353983 0.7103960396039604 0.07079646017699115 0.06435643564356436
2 0.48451327433628316 0.7698019801980198 0.084070796460177 0.09405940594059406
2 0.25442477876106195 0.6460396039603961 0.06637168141592921 0.07425742574257425
3 0.37831858407079644 0.9356435643564357 0.06637168141592921 0.0891089108910891
3 0.22566371681415928 0.47277227722772275 0.08849557522123894 0.09405940594059406
3 0.25 0.1806930693069307 0.06637168141592921 0.09405940594059406
4 0.35398230088495575 0.9034653465346535 0.07964601769911504 0.08415841584158416
