0 0.3230088495575221 0.5866336633663366 0.08849557522123894 0.09405940594059406
0 0.5796460176991151 0.7376237623762376 0.08849557522123894 0.09900990099009901
1 0.46238938053097345 0.943069306930693 0.06637168141592921 0.08415841584158416
1 0.6792035398230089 0.349009900990099 0.084070796460177 0.08415841584158416
1 0.09734513274336283 0.9331683168316832 0.08849557522123894 0.08415841584158416
2 0.7632743362831859 0.10891089108910891 0.09292035398230089 0.0594059405940594
2 0.8893805309734514 0.3415841584158416 0.07079646017699115 0.07920792079207921
2 0.0752212389380531 0.9356435643564357 0.07079646017699115 0.04950495049504951
3 0.5022123893805309 0.849009900990099 0.0752212389380531 0.09405940594059406
3 0.8561946902654868 0.5693069306930693 0.06637168141592921 0.10891089108910891
