1 0.5243362831858407 0.5148514851485149 0.084070796460177 0.0891089108910891
1 0.47123893805309736 0.8341584158415841 0.09292035398230089 0.08415841584158416
2 0.48451327433628316 0.8094059405940595 0.084070796460177 0.08415841584158416
2 0.10176991150442478 0.19554455445544555 0.07079646017699115 0.10396039603960396
2 0.25663716814159293 0.12871287128712872 0.08849557522123894 0.0891089108910891
2 0.834070796460177 0.11138613861386139 0.084070796460177 0.08415841584158416
2 0.07743362831858407 0.1485148514851485 0.084070796460177 0.07920792079207921
3 0.5597345132743363 0.5074257425742574 0.0752212389380531 0.08415841584158416
3 0.21238938053097345 0.09158415841584158 0.061946902654867256 0.06435643564356436
3 0.8738938053097345 0.8366336633663366 0.048672566371681415 0.06930693069306931
4 0.6504424778761062 0.5 0.061946902654867256 0.10891089108910891
