0 0.24557522123893805 0.5123762376237624 0.11061946902654868 0.09405940594059406
0 0.8075221238938053 0.5247524752475248 0.06637168141592921 0.07920792079207921
0 0.75 0.5198019801980198 0.084070796460177 0.10891089108910891
0 0.08185840707964602 0.3193069306930693 0.09292035398230089 0.08415841584158416
1 0.7522123893805309 0.7277227722772277 0.07964601769911504 0.0891089108910891
2 0.09513274336283185 0.39603960396039606 0.084070796460177 0.09900990099009901
3 0.7079646017699115 0.17326732673267325 0.07964601769911504 0.07920792079207921
3 0.37389380530973454 0.2079207920792079 0.06637168141592921 0.09900990099009901
3 0.04424778761061947 0.6485148514851485 0.07964601769911504 0.06930693069306931
3 0.11504424778761062 0.20544554455445543 0.07964601769911504 0.06435643564356436
