0 0.20353982300884957 0.6707920792079208 0.061946902654867256 0.08415841584158416
1 0.4446902654867257 0.47029702970297027 0.084070796460177 0.10891089108910891
1 0.25 0.39851485148514854 0.06637168141592921 0.09405940594059406
2 0.1592920353982301 0.5544554455445545 0.07079646017699115 0.07920792079207921
2 0.4756637168141593 0.900990099009901 0.0752212389380531 0.0891089108910891
2 0.46238938053097345 0.7202970297029703 0.06637168141592921 0.09405940594059406
2 0.9557522123893806 0.10148514851485149 0.061946902654867256 0.09405940594059406
3 0.0752212389380531 0.6410891089108911 0.07964601769911504 0.07425742574257425
3 0.2013274336283186 0.44554455445544555 0.0752212389380531 0.06930693069306931
3 0.3561946902654867 0.5618811881188119 0.06637168141592921 0.07425742574257425
