0 0.7654867256637168 0.29455445544554454 0.07079646017699115 0.08415841584158416
0 0.7787610619469026 0.5495049504950495 0.07964601769911504 0.09900990099009901
0 0.16592920353982302 0.28217821782178215 0.084070796460177 0.07920792079207921
0 0.4646017699115044 0.15099009900990099 0.08849557522123894 0.10396039603960396
0 0.4557522123893805 0.06188118811881188 0.08849557522123894 0.10396039603960396
1 0.8584070796460177 0.7301980198019802 0.07079646017699115 0.09405940594059406
1 0.577433628318584 0.09158415841584158 0.084070796460177 0.08415841584158416
3 0.7477876106194691 0.21782178217821782 0.07079646017699115 0.07920792079207921
3 0.11504424778761062 0.6212871287128713 0.07964601769911504 0.09405940594059406
3 0.6637168141592921 0.27722772277227725 0.07964601769911504 0.06930693069306931
