0 0.08849557522123894 0.9084158415841584 0.08849557522123894 0.11386138613861387
0 0.059734513274336286 0.13613861386138615 0.09292035398230089 0.12376237623762376
0 0.8805309734513275 0.3094059405940594 0.10619469026548672 0.10396039603960396
2 0.3008849557522124 0.8514851485148515 0.07964601769911504 0.07920792079207921
2 0.10619469026548672 0.0594059405940594 0.07079646017699115 0.07920792079207921
3 0.6747787610619469 0.5693069306930693 0.0752212389380531 0.09900990099009901
3 0.6415929203539823 0.18811881188118812 0.07964601769911504 0.0891089108910891
3 0.2013274336283186 0.3118811881188119 0.084070796460177 0.0891089108910891
3 0.9292035398230089 0.10891089108910891 0.07964601769911504 0.07920792079207921
3 0.09955752212389381 0.7326732673267327 0.05752212389380531 0.06930693069306931
