0 0.7367256637168141 0.5544554455445545 0.09292035398230089 0.0891089108910891
0 0.18141592920353983 0.349009900990099 0.061946902654867256 0.07425742574257425
1 0.07743362831858407 0.18316831683168316 0.06637168141592921 0.10891089108910891
1 0.32964601769911506 0.7326732673267327 0.084070796460177 0.10891089108910891
1 0.2676991150442478 0.594059405940594 0.09292035398230089 0.09900990099009901
1 0.915929203539823 0.8613861386138614 0.07964601769911504 0.06930693069306931
1 0.3561946902654867 0.2004950495049505 0.10176991150442478 0.10396039603960396
2 0.4269911504424779 0.27722772277227725 0.05752212389380531 0.0594059405940594
2 0.9601769911504425 0.42574257425742573 0.05309734513274336 0.0594059405940594
2 0.9026548672566371 0.21534653465346534 0.035398230088495575 0.10396039603960396
