0 0.37831858407079644 0.5123762376237624 0.09292035398230089 0.09405940594059406
0 0.7588495575221239 0.09158415841584158 0.10176991150442478 0.07425742574257425
1 0.5530973451327433 0.7029702970297029 0.07964601769911504 0.07920792079207921
1 0.5597345132743363 0.8811881188118812 0.0752212389380531 0.09900990099009901
2 0.3495575221238938 0.6188118811881188 0.061946902654867256 0.0891089108910891
2 0.7699115044247787 0.7178217821782178 0.07079646017699115 0.06930693069306931
2 0.336283185840708 0.2599009900990099 0.07079646017699115 0.10396039603960396
3 0.7787610619469026 0.5767326732673267 0.07964601769911504 0.054455445544554455
3 0.5553097345132744 0.349009900990099 0.05752212389380531 0.09405940594059406
3 0.2588495575221239 0.8118811881188119 0.048672566371681415 0.0594059405940594
