0 0.8805309734513275 0.3193069306930693 0.07964601769911504 0.11386138613861387
0 0.2323008849557522 0.18564356435643564 0.09292035398230089 0.10396039603960396
1 0.08185840707964602 0.8712871287128713 0.09292035398230089 0.0594059405940594
1 0.8119469026548672 0.48514851485148514 0.09292035398230089 0.07920792079207921
1 0.581858407079646 0.10396039603960396 0.084070796460177 0.06930693069306931
2 0.32079646017699115 0.20544554455445543 0.10176991150442478 0.10396039603960396
2 0.48008849557522126 0.9183168316831684 0.0752212389380531 0.07425742574257425
2 0.8871681415929203 0.9356435643564357 0.06637168141592921 0.06930693069306931
3 0.11061946902654868 0.8267326732673267 0.07964601769911504 0.09900990099009901
3 0.11061946902654868 0.2599009900990099 0.07079646017699115 0.08415841584158416
4 0.09513274336283185 0.6460396039603961 0.05752212389380531 0.06435643564356436
