1 0.6172566371681416 0.9455445544554455 0.09292035398230089 0.0891089108910891
1 0.5796460176991151 0.3292079207920792 0.10619469026548672 0.07425742574257425
1 0.36283185840707965 0.5297029702970297 0.061946902654867256 0.10891089108910891
2 0.8938053097345132 0.1806930693069307 0.07964601769911504 0.07425742574257425
2 0.10398230088495575 0.8094059405940595 0.06637168141592921 0.08415841584158416
2 0.34292035398230086 0.6138613861386139 0.06637168141592921 0.06930693069306931
2 0.7831858407079646 0.9133663366336634 0.09734513274336283 0.07425742574257425
2 0.2610619469026549 0.2524752475247525 0.035398230088495575 0.0891089108910891
3 0.6548672566371682 0.12376237623762376 0.07079646017699115 0.09900990099009901
3 0.4269911504424779 0.8044554455445545 0.084070796460177 0.06435643564356436
