0 0.827433628318584 0.3564356435643564 0.07964601769911504 0.08415841584158416
0 0.2920353982300885 0.7970297029702971 0.06637168141592921 0.08415841584158416
0 0.336283185840708 0.3811881188118812 0.061946902654867256 0.09405940594059406
0 0.5575221238938053 0.5445544554455446 0.061946902654867256 0.07920792079207921
0 0.03982300884955752 0.19801980198019803 0.0752212389380531 0.10891089108910891
3 0.5973451327433629 0.5693069306930693 0.05309734513274336 0.07425742574257425
3 0.6592920353982301 0.5247524752475248 0.061946902654867256 0.06435643564356436
3 0.168141592920354 0.24257425742574257 0.05309734513274336 0.04455445544554455
3 0.3185840707964602 0.6683168316831684 0.05752212389380531 0.06435643564356436
3 0.22566371681415928 0.9207920792079208 0.061946902654867256 0.04950495049504951
