0 0.8716814159292036 0.5594059405940595 0.09292035398230089 0.09405940594059406
1 0.1504424778761062 0.3069306930693069 0.08849557522123894 0.08415841584158416
1 0.14601769911504425 0.3316831683168317 0.0752212389380531 0.06435643564356436
2 0.2831858407079646 0.297029702970297 0.05752212389380531 0.0891089108910891
2 0.6548672566371682 0.3613861386138614 0.06637168141592921 0.07425742574257425
2 0.915929203539823 0.6188118811881188 0.048672566371681415 0.07425742574257425
2 0.252212389380531 0.6881188118811881 0.05309734513274336 0.054455445544554455
3 0.9247787610619469 0.7326732673267327 0.03982300884955752 0.054455445544554455
3 0.6460176991150443 0.3415841584158416 0.07079646017699115 0.04950495049504951
3 0.01327433628318584 0.7079207920792079 0.061946902654867256 0.06930693069306931
4 0.8230088495575221 0.8762376237623762 0.048672566371681415 0.06435643564356436
