1 0.5398230088495575 0.4900990099009901 0.0752212389380531 0.07425742574257425
2 0.2743362831858407 0.7079207920792079 0.0752212389380531 0.07425742574257425
2 0.2079646017699115 0.8861386138613861 0.048672566371681415 0.07920792079207921
2 0.8230088495575221 0.5148514851485149 0.07079646017699115 0.08415841584158416
2 0.23008849557522124 0.2524752475247525 0.05752212389380531 0.07920792079207921
2 0.5 0.18316831683168316 0.061946902654867256 0.0594059405940594
3 0.3185840707964602 0.8811881188118812 0.06637168141592921 0.07920792079207921
3 0.5752212389380531 0.6584158415841584 0.035398230088495575 0.039603960396039604
3 0.41150442477876104 0.6336633663366337 0.05309734513274336 0.06930693069306931
3 0.4424778761061947 0.40594059405940597 0.07079646017699115 0.06930693069306931
