2 0.05752212389380531 0.7673267326732673 0.061946902654867256 0.07920792079207921
2 0.43805309734513276 0.8465346534653465 0.0752212389380531 0.07425742574257425
2 0.13716814159292035 0.3316831683168317 0.0752212389380531 0.07920792079207921
2 0.9336283185840708 0.2623762376237624 0.048672566371681415 0.054455445544554455
2 0.18584070796460178 0.4752475247524752 0.07079646017699115 0.054455445544554455
3 0.21238938053097345 0.8564356435643564 0.061946902654867256 0.06435643564356436
3 0.24336283185840707 0.07920792079207921 0.03982300884955752 0.06435643564356436
3 0.3672566371681416 0.16336633663366337 0.048672566371681415 0.07920792079207921
3 0.40707964601769914 0.3613861386138614 0.048672566371681415 0.0594059405940594
3 0.5973451327433629 0.8861386138613861 0.03982300884955752 0.0594059405940594
