0 0.8761061946902655 0.7029702970297029 0.061946902654867256 0.07425742574257425
1 0.45132743362831856 0.5544554455445545 0.0752212389380531 0.07920792079207921
1 0.28761061946902655 0.3118811881188119 0.07079646017699115 0.0891089108910891
1 0.36283185840707965 0.024752475247524754 0.07079646017699115 0.06930693069306931
1 0.07964601769911504 0.019801980198019802 0.06637168141592921 0.07425742574257425
2 0.3495575221238938 0.6732673267326733 0.035398230088495575 0.06930693069306931
2 0.48672566371681414 0.7178217821782178 0.0752212389380531 0.08415841584158416
2 0.1902654867256637 0.8960396039603961 0.05309734513274336 0.07920792079207921
2 0.8628318584070797 0.8564356435643564 0.05752212389380531 0.054455445544554455
3 0.8141592920353983 0.6188118811881188 0.05309734513274336 0.0891089108910891
