0 0.7522123893805309 0.39603960396039606 0.07964601769911504 0.08415841584158416
0 0.6017699115044248 0.5841584158415841 0.07964601769911504 0.09405940594059406
0 0.6814159292035398 0.08415841584158416 0.061946902654867256 0.07425742574257425
0 0.8805309734513275 0.06435643564356436 0.05752212389380531 0.07920792079207921
1 0.7743362831858407 0.8712871287128713 0.084070796460177 0.07920792079207921
1 0.6946902654867256 0.5742574257425742 0.06637168141592921 0.07425742574257425
2 0.3672566371681416 0.5099009900990099 0.05752212389380531 0.07425742574257425
3 0.8097345132743363 0.13861386138613863 0.07964601769911504 0.04950495049504951
3 0.6371681415929203 0.6881188118811881 0.04424778761061947 0.06930693069306931
3 0.1592920353982301 0.5643564356435643 0.07079646017699115 0.07920792079207921
4 0.2168141592920354 0.21287128712871287 0.07079646017699115 0.06435643564356436
