0 0.24336283185840707 0.29207920792079206 0.0752212389380531 0.07425742574257425
1 0.0 0.7920792079207921 0.07964601769911504 0.08415841584158416
1 0.6504424778761062 0.4306930693069307 0.061946902654867256 0.0891089108910891
1 0.14601769911504425 0.2871287128712871 0.08849557522123894 0.06930693069306931
1 0.40707964601769914 0.35148514851485146 0.07079646017699115 0.07425742574257425
2 0.8672566371681416 0.8366336633663366 0.061946902654867256 0.06435643564356436
2 0.6106194690265486 0.009900990099009901 0.07079646017699115 0.054455445544554455
2 0.008849557522123894 0.01485148514851485 0.0752212389380531 0.07920792079207921
2 0.35398230088495575 0.0594059405940594 0.061946902654867256 0.07425742574257425
3 0.4646017699115044 0.7227722772277227 0.05309734513274336 0.054455445544554455
