0 0.9336283185840708 0.8811881188118812 0.05752212389380531 0.0891089108910891
0 0.8938053097345132 0.6138613861386139 0.07964601769911504 0.10396039603960396
0 0.18584070796460178 0.009900990099009901 0.061946902654867256 0.0891089108910891
0 0.6504424778761062 0.3910891089108911 0.08849557522123894 0.08415841584158416
0 0.7035398230088495 0.6534653465346535 0.08849557522123894 0.08415841584158416
1 0.3672566371681416 0.8564356435643564 0.07964601769911504 0.09900990099009901
1 0.12831858407079647 0.4752475247524752 0.061946902654867256 0.06930693069306931
3 0.7920353982300885 0.2376237623762376 0.05752212389380531 0.0594059405940594
3 0.3893805309734513 0.12871287128712872 0.05752212389380531 0.0594059405940594
3 0.035398230088495575 0.2722772277227723 0.05752212389380531 0.08415841584158416
4 0.4026548672566372 0.5792079207920792 0.05752212389380531 0.06930693069306931
