0 0.7433628318584071 0.6237623762376238 0.061946902654867256 0.07920792079207921
1 0.14601769911504425 0.7970297029702971 0.08849557522123894 0.0891089108910891
2 0.8584070796460177 0.5841584158415841 0.05752212389380531 0.054455445544554455
2 0.504424778761062 0.6039603960396039 0.04424778761061947 0.06930693069306931
2 0.19469026548672566 0.0594059405940594 0.07079646017699115 0.06435643564356436
2 0.831858407079646 0.801980198019802 0.07964601769911504 0.06930693069306931
3 0.9336283185840708 0.6435643564356436 0.061946902654867256 0.04950495049504951
3 0.09292035398230089 0.5148514851485149 0.05752212389380531 0.0594059405940594
3 0.21238938053097345 0.8118811881188119 0.048672566371681415 0.06435643564356436
3 0.008849557522123894 0.3316831683168317 0.04424778761061947 0.054455445544554455
4 0.7300884955752213 0.08415841584158416 0.084070796460177 0.08415841584158416
