0 0.17256637168141592 0.16336633663366337 0.07964601769911504 0.07425742574257425
0 0.9203539823008849 0.7227722772277227 0.07964601769911504 0.06930693069306931
0 0.7168141592920354 0.10891089108910891 0.061946902654867256 0.06435643564356436
0 0.07079646017699115 0.0297029702970297 0.07964601769911504 0.09900990099009901
0 0.6769911504424779 0.7623762376237624 0.061946902654867256 0.07425742574257425
1 0.5442477876106194 0.7128712871287128 0.06637168141592921 0.09405940594059406
1 0.0752212389380531 0.6089108910891089 0.07964601769911504 0.07425742574257425
1 0.5929203539823009 0.4900990099009901 0.0752212389380531 0.08415841584158416
1 0.24778761061946902 0.6336633663366337 0.06637168141592921 0.08415841584158416
3 0.5398230088495575 0.6881188118811881 0.05309734513274336 0.04950495049504951
4 0.03982300884955752 0.47029702970297027 0.0752212389380531 0.08415841584158416
