0 0.42035398230088494 0.3316831683168317 0.084070796460177 0.09900990099009901
0 0.7743362831858407 0.23267326732673269 0.06637168141592921 0.0891089108910891
2 0.10619469026548672 0.7673267326732673 0.05752212389380531 0.054455445544554455
2 0.8539823008849557 0.32673267326732675 0.061946902654867256 0.054455445544554455
2 0.8097345132743363 0.009900990099009901 0.0752212389380531 0.08415841584158416
3 0.7522123893805309 0.8861386138613861 0.06637168141592921 0.0594059405940594
3 0.7522123893805309 0.7029702970297029 0.048672566371681415 0.0594059405940594
3 0.16371681415929204 0.7623762376237624 0.061946902654867256 0.06930693069306931
3 0.16371681415929204 0.6188118811881188 0.048672566371681415 0.04950495049504951
3 0.827433628318584 0.8267326732673267 0.06637168141592921 0.0594059405940594
4 0.4690265486725664 0.5396039603960396 0.05752212389380531 0.06435643564356436
