0 0.5707964601769911 0.29207920792079206 0.061946902654867256 0.08415841584158416
0 0.02654867256637168 0.594059405940594 0.06637168141592921 0.07920792079207921
0 0.5398230088495575 0.7128712871287128 0.09734513274336283 0.10396039603960396
1 0.7433628318584071 0.47029702970297027 0.07964601769911504 0.10396039603960396
1 0.18141592920353983 0.11386138613861387 0.07079646017699115 0.054455445544554455
1 0.37610619469026546 0.20297029702970298 0.0752212389380531 0.08415841584158416
1 0.6991150442477876 0.5445544554455446 0.06637168141592921 0.09405940594059406
1 0.7256637168141593 0.039603960396039604 0.061946902654867256 0.06435643564356436
2 0.9601769911504425 0.09405940594059406 0.02654867256637168 0.0891089108910891
2 0.6946902654867256 0.2722772277227723 0.061946902654867256 0.07425742574257425
4 0.004424778761061947 0.5445544554455446 0.07079646017699115 0.054455445544554455
