0 0.14601769911504425 0.5198019801980198 0.07079646017699115 0.09405940594059406
1 0.09734513274336283 0.30198019801980197 0.061946902654867256 0.0891089108910891
1 0.11504424778761062 0.7178217821782178 0.0752212389380531 0.09405940594059406
1 0.9026548672566371 0.44554455445544555 0.07964601769911504 0.0891089108910891
2 0.4823008849557522 0.8762376237623762 0.0752212389380531 0.07425742574257425
2 0.7035398230088495 0.14356435643564355 0.0752212389380531 0.0891089108910891
2 0.42920353982300885 0.5297029702970297 0.048672566371681415 0.06435643564356436
2 0.6991150442477876 0.8168316831683168 0.0752212389380531 0.0594059405940594
3 0.6460176991150443 0.41089108910891087 0.061946902654867256 0.06930693069306931
3 0.22123893805309736 0.6534653465346535 0.048672566371681415 0.0594059405940594
