0 0.7389380530973452 0.1782178217821782 0.09734513274336283 0.09405940594059406
0 0.4557522123893805 0.3811881188118812 0.07079646017699115 0.07920792079207921
0 0.2168141592920354 0.36633663366336633 0.08849557522123894 0.07425742574257425
1 0.8185840707964602 0.4752475247524752 0.061946902654867256 0.09405940594059406
1 0.588495575221239 0.594059405940594 0.0752212389380531 0.07920792079207921
1 0.5265486725663717 0.599009900990099 0.05752212389380531 0.0594059405940594
2 0.035398230088495575 0.698019801980198 0.061946902654867256 0.06930693069306931
2 0.4557522123893805 0.6782178217821783 0.05309734513274336 0.07425742574257425
3 0.6902654867256637 0.5495049504950495 0.084070796460177 0.07425742574257425
3 0.252212389380531 0.5 0.06637168141592921 0.07425742574257425
