0 0.7079646017699115 0.7326732673267327 0.07079646017699115 0.07425742574257425
0 0.07964601769911504 0.3415841584158416 0.07964601769911504 0.09405940594059406
0 0.7654867256637168 0.1188118811881188 0.09292035398230089 0.0891089108910891
1 0.061946902654867256 0.5841584158415841 0.0752212389380531 0.08415841584158416
2 0.7610619469026548 0.07425742574257425 0.06637168141592921 0.054455445544554455
2 0.672566371681416 0.13366336633663367 0.06637168141592921 0.06435643564356436
3 0.2168141592920354 0.4207920792079208 0.061946902654867256 0.054455445544554455
3 0.7079646017699115 0.27722772277227725 0.06637168141592921 0.0594059405940594
3 0.7389380530973452 0.4158415841584158 0.061946902654867256 0.07425742574257425
3 0.7654867256637168 0.4207920792079208 0.05752212389380531 0.0594059405940594
