0 0.6238938053097345 0.1485148514851485 0.08849557522123894 0.07425742574257425
1 0.8584070796460177 0.7673267326732673 0.07079646017699115 0.09900990099009901
1 0.40707964601769914 0.6831683168316832 0.0752212389380531 0.07920792079207921
1 0.415929203539823 0.29207920792079206 0.07079646017699115 0.09405940594059406
1 0.2743362831858407 0.8762376237623762 0.06637168141592921 0.0891089108910891
2 0.9292035398230089 0.22772277227722773 0.061946902654867256 0.06930693069306931
2 0.5663716814159292 0.6485148514851485 0.05752212389380531 0.0594059405940594
2 0.827433628318584 0.5 0.05752212389380531 0.054455445544554455
2 0.09292035398230089 0.034653465346534656 0.05752212389380531 0.08415841584158416
3 0.9380530973451328 0.4405940594059406 0.048672566371681415 0.06930693069306931
4 0.23008849557522124 0.0891089108910891 0.07964601769911504 0.06930693069306931
