1 0.048672566371681415 0.2722772277227723 0.0752212389380531 0.0891089108910891
1 0.20353982300884957 0.5346534653465347 0.06637168141592921 0.08415841584158416
1 0.42920353982300885 0.4306930693069307 0.084070796460177 0.07425742574257425
1 0.7566371681415929 0.5247524752475248 0.05752212389380531 0.06930693069306931
1 0.02654867256637168 0.04950495049504951 0.084070796460177 0.07920792079207921
2 0.42035398230088494 0.16831683168316833 0.0752212389380531 0.07920792079207921
2 0.5619469026548672 0.4504950495049505 0.0752212389380531 0.08415841584158416
2 0.4026548672566372 0.599009900990099 0.03982300884955752 0.06930693069306931
2 0.34513274336283184 0.5693069306930693 0.05752212389380531 0.06435643564356436
2 0.5663716814159292 0.11386138613861387 0.05752212389380531 0.07920792079207921
4 0.3008849557522124 0.24257425742574257 0.0752212389380531 0.06930693069306931
