0 0.27876106194690264 0.09405940594059406 0.07079646017699115 0.08415841584158416
0 0.01327433628318584 0.06930693069306931 0.0752212389380531 0.06930693069306931
0 0.5309734513274337 0.009900990099009901 0.061946902654867256 0.0891089108910891
1 0.8451327433628318 0.13861386138613863 0.07079646017699115 0.06435643564356436
2 0.8230088495575221 0.43564356435643564 0.07079646017699115 0.0594059405940594
2 0.24336283185840707 0.5297029702970297 0.07079646017699115 0.07920792079207921
3 0.7477876106194691 0.18316831683168316 0.061946902654867256 0.07425742574257425
3 0.8539823008849557 0.44554455445544555 0.05752212389380531 0.0594059405940594
3 0.0752212389380531 0.31683168316831684 0.05752212389380531 0.06435643564356436
3 0.24336283185840707 0.594059405940594 0.0752212389380531 0.0594059405940594
4 0.827433628318584 0.6732673267326733 0.0752212389380531 0.08415841584158416
