1 0.6858407079646017 0.8415841584158416 0.07964601769911504 0.07920792079207921
1 0.5132743362831859 0.22277227722772278 0.061946902654867256 0.06930693069306931
1 0.3053097345132743 0.08415841584158416 0.0752212389380531 0.06930693069306931
1 0.5486725663716814 0.26732673267326734 0.07079646017699115 0.09405940594059406
1 0.2168141592920354 0.06930693069306931 0.084070796460177 0.07425742574257425
2 0.7433628318584071 0.5544554455445545 0.07964601769911504 0.054455445544554455
2 0.252212389380531 0.04950495049504951 0.07079646017699115 0.06930693069306931
2 0.16371681415929204 0.09900990099009901 0.0752212389380531 0.0594059405940594
2 0.168141592920354 0.5643564356435643 0.06637168141592921 0.0594059405940594
2 0.26991150442477874 0.2524752475247525 0.0752212389380531 0.06930693069306931
4 0.8672566371681416 0.7920792079207921 0.061946902654867256 0.06435643564356436
