0 0.7345132743362832 0.4306930693069307 0.06637168141592921 0.07920792079207921
0 0.4026548672566372 0.16831683168316833 0.07079646017699115 0.09405940594059406
0 0.7522123893805309 0.5841584158415841 0.0752212389380531 0.06435643564356436
0 0.4557522123893805 0.5396039603960396 0.06637168141592921 0.08415841584158416
0 0.11504424778761062 0.4405940594059406 0.0752212389380531 0.07425742574257425
1 0.8185840707964602 0.39603960396039606 0.084070796460177 0.07425742574257425
3 0.27876106194690264 0.23267326732673269 0.07079646017699115 0.054455445544554455
3 0.584070796460177 0.8168316831683168 0.048672566371681415 0.06930693069306931
3 0.0 0.900990099009901 0.05752212389380531 0.06435643564356436
3 0.3274336283185841 0.693069306930693 0.06637168141592921 0.07425742574257425
4 0.28761061946902655 0.39603960396039606 0.0752212389380531 0.0891089108910891
