0 0.19911504424778761 0.1782178217821782 0.061946902654867256 0.07425742574257425
0 0.40707964601769914 0.07920792079207921 0.06637168141592921 0.0891089108910891
0 0.3185840707964602 0.3118811881188119 0.07079646017699115 0.06930693069306931
1 0.4247787610619469 0.4752475247524752 0.09292035398230089 0.09900990099009901
1 0.39823008849557523 0.8514851485148515 0.08849557522123894 0.07920792079207921
1 0.7168141592920354 0.3712871287128713 0.06637168141592921 0.07425742574257425
2 0.19911504424778761 0.0891089108910891 0.07079646017699115 0.0594059405940594
2 0.2079646017699115 0.4405940594059406 0.048672566371681415 0.0594059405940594
3 0.4778761061946903 0.8118811881188119 0.06637168141592921 0.06435643564356436
3 0.2079646017699115 0.6485148514851485 0.07964601769911504 0.054455445544554455
4 0.4247787610619469 0.5643564356435643 0.04424778761061947 0.06930693069306931
