0 0.3672566371681416 0.4752475247524752 0.0752212389380531 0.08415841584158416
0 0.8053097345132744 0.5445544554455446 0.05752212389380531 0.07920792079207921
0 0.048672566371681415 0.6534653465346535 0.07964601769911504 0.07920792079207921
0 0.8716814159292036 0.13861386138613863 0.07079646017699115 0.09900990099009901
0 0.4026548672566372 0.8960396039603961 0.061946902654867256 0.08415841584158416
1 0.2831858407079646 0.6831683168316832 0.0752212389380531 0.06930693069306931
1 0.20353982300884957 0.20297029702970298 0.0752212389380531 0.07425742574257425
3 0.06637168141592921 0.46534653465346537 0.07964601769911504 0.06930693069306931
3 0.8495575221238938 0.4158415841584158 0.03982300884955752 0.06435643564356436
3 0.09734513274336283 0.11386138613861387 0.07964601769911504 0.06930693069306931
