0 0.27876106194690264 0.6188118811881188 0.06637168141592921 0.08415841584158416
0 0.5 0.2376237623762376 0.07079646017699115 0.08415841584158416
2 0.5752212389380531 0.905940594059406 0.06637168141592921 0.06435643564356436
2 0.1504424778761062 0.8267326732673267 0.0752212389380531 0.07425742574257425
2 0.2831858407079646 0.30198019801980197 0.07079646017699115 0.054455445544554455
3 0.04424778761061947 0.5841584158415841 0.061946902654867256 0.07920792079207921
3 0.11946902654867257 0.009900990099009901 0.06637168141592921 0.07920792079207921
3 0.8495575221238938 0.054455445544554455 0.0752212389380531 0.06435643564356436
3 0.2920353982300885 0.0049504950495049506 0.061946902654867256 0.054455445544554455
3 0.336283185840708 0.6287128712871287 0.07964601769911504 0.07920792079207921
4 0.8805309734513275 0.7871287128712872 0.07964601769911504 0.0891089108910891
