0 0.5575221238938053 0.21287128712871287 0.07964601769911504 0.0891089108910891
0 0.41150442477876104 0.0049504950495049506 0.07964601769911504 0.08415841584158416
0 0.672566371681416 0.4207920792079208 0.0752212389380531 0.07425742574257425
1 0.7079646017699115 0.5198019801980198 0.07079646017699115 0.0891089108910891
1 0.6504424778761062 0.6237623762376238 0.061946902654867256 0.07425742574257425
1 0.8230088495575221 0.009900990099009901 0.09734513274336283 0.0891089108910891
1 0.21238938053097345 0.7871287128712872 0.061946902654867256 0.08415841584158416
1 0.0752212389380531 0.009900990099009901 0.0752212389380531 0.07425742574257425
2 0.8893805309734514 0.4752475247524752 0.06637168141592921 0.08415841584158416
2 0.43805309734513276 0.2722772277227723 0.07079646017699115 0.06435643564356436
