0 0.3938053097345133 0.44554455445544555 0.04424778761061947 0.07425742574257425
0 0.1415929203539823 0.054455445544554455 0.08849557522123894 0.08415841584158416
0 0.7654867256637168 0.5643564356435643 0.05752212389380531 0.06435643564356436
1 0.6858407079646017 0.7871287128712872 0.07079646017699115 0.07425742574257425
1 0.5796460176991151 0.4603960396039604 0.07964601769911504 0.08415841584158416
1 0.8893805309734514 0.3910891089108911 0.06637168141592921 0.07425742574257425
1 0.6637168141592921 0.801980198019802 0.0752212389380531 0.06930693069306931
2 0.8716814159292036 0.20297029702970298 0.05309734513274336 0.06930693069306931
2 0.584070796460177 0.46534653465346537 0.05752212389380531 0.06930693069306931
3 0.8584070796460177 0.5445544554455446 0.06637168141592921 0.07425742574257425
