1 0.4823008849557522 0.27722772277227725 0.07079646017699115 0.06435643564356436
1 0.6194690265486725 0.14356435643564355 0.05752212389380531 0.08415841584158416
1 0.6769911504424779 0.5396039603960396 0.0752212389380531 0.08415841584158416
1 0.5619469026548672 0.38613861386138615 0.06637168141592921 0.07425742574257425
1 0.7787610619469026 0.0049504950495049506 0.06637168141592921 0.07920792079207921
2 0.3141592920353982 0.0891089108910891 0.048672566371681415 0.07920792079207921
2 0.26991150442477874 0.5544554455445545 0.061946902654867256 0.0891089108910891
2 0.3495575221238938 0.3811881188118812 0.0752212389380531 0.07425742574257425
2 0.7389380530973452 0.0891089108910891 0.06637168141592921 0.06930693069306931
2 0.20353982300884957 0.48514851485148514 0.07079646017699115 0.0594059405940594
