0 0.168141592920354 0.5693069306930693 0.06637168141592921 0.08415841584158416
0 0.7035398230088495 0.01485148514851485 0.0752212389380531 0.06930693069306931
0 0.37610619469026546 0.08415841584158416 0.0752212389380531 0.08415841584158416
1 0.5486725663716814 0.7871287128712872 0.06637168141592921 0.06435643564356436
1 0.18584070796460178 0.594059405940594 0.07964601769911504 0.08415841584158416
1 0.4424778761061947 0.6633663366336634 0.07079646017699115 0.0891089108910891
1 0.41150442477876104 0.8415841584158416 0.06637168141592921 0.07920792079207921
2 0.8584070796460177 0.5247524752475248 0.04424778761061947 0.07425742574257425
2 0.5132743362831859 0.1782178217821782 0.0752212389380531 0.07920792079207921
3 0.504424778761062 0.4158415841584158 0.07079646017699115 0.06435643564356436
