0 0.26991150442477874 0.2722772277227723 0.084070796460177 0.09405940594059406
0 0.15486725663716813 0.8663366336633663 0.08849557522123894 0.09900990099009901
0 0.5663716814159292 0.31683168316831684 0.05309734513274336 0.07920792079207921
0 0.6902654867256637 0.11386138613861387 0.06637168141592921 0.07920792079207921
2 0.11061946902654868 0.5891089108910891 0.061946902654867256 0.07425742574257425
3 0.7787610619469026 0.18811881188118812 0.07079646017699115 0.07425742574257425
3 0.3893805309734513 0.7178217821782178 0.05752212389380531 0.06930693069306931
3 0.1504424778761062 0.8762376237623762 0.061946902654867256 0.07425742574257425
3 0.061946902654867256 0.3564356435643564 0.04424778761061947 0.07425742574257425
3 0.40707964601769914 0.0891089108910891 0.07964601769911504 0.06435643564356436
4 0.8584070796460177 0.2871287128712871 0.048672566371681415 0.06435643564356436
