0 0.5265486725663717 0.5742574257425742 0.05752212389380531 0.08415841584158416
0 0.12389380530973451 0.09405940594059406 0.09734513274336283 0.09900990099009901
0 0.42920353982300885 0.30198019801980197 0.05752212389380531 0.06930693069306931
0 0.6460176991150443 0.29207920792079206 0.061946902654867256 0.07920792079207921
1 0.47345132743362833 0.5693069306930693 0.084070796460177 0.07920792079207921
1 0.8230088495575221 0.6831683168316832 0.0752212389380531 0.0891089108910891
2 0.9026548672566371 0.7376237623762376 0.061946902654867256 0.0594059405940594
3 0.0 0.07425742574257425 0.06637168141592921 0.06435643564356436
3 0.008849557522123894 0.7722772277227723 0.06637168141592921 0.07920792079207921
3 0.5442477876106194 0.8316831683168316 0.061946902654867256 0.07920792079207921
4 0.5221238938053098 0.5643564356435643 0.05752212389380531 0.06435643564356436
