0 0.7212389380530974 0.8861386138613861 0.05752212389380531 0.07920792079207921
1 0.20353982300884957 0.8762376237623762 0.07079646017699115 0.08415841584158416
1 0.8672566371681416 0.28217821782178215 0.0752212389380531 0.07425742574257425
2 0.21238938053097345 0.6683168316831684 0.06637168141592921 0.054455445544554455
2 0.18141592920353983 0.20297029702970298 0.05752212389380531 0.07920792079207921
2 0.8539823008849557 0.08415841584158416 0.05309734513274336 0.07920792079207921
2 0.5265486725663717 0.6534653465346535 0.05752212389380531 0.06435643564356436
3 0.6814159292035398 0.16336633663366337 0.0752212389380531 0.0891089108910891
3 0.4823008849557522 0.5297029702970297 0.06637168141592921 0.0594059405940594
3 0.30973451327433627 0.7574257425742574 0.061946902654867256 0.0891089108910891
