1 0.6415929203539823 0.18316831683168316 0.07964601769911504 0.0891089108910891
1 0.5530973451327433 0.5 0.06637168141592921 0.07920792079207921
1 0.41150442477876104 0.5247524752475248 0.07079646017699115 0.07920792079207921
2 0.5265486725663717 0.3316831683168317 0.05752212389380531 0.054455445544554455
2 0.584070796460177 0.47029702970297027 0.05309734513274336 0.06930693069306931
2 0.5088495575221239 0.801980198019802 0.07079646017699115 0.07425742574257425
2 0.017699115044247787 0.5099009900990099 0.0752212389380531 0.0891089108910891
2 0.3495575221238938 0.0891089108910891 0.07079646017699115 0.0594059405940594
3 0.6991150442477876 0.698019801980198 0.07964601769911504 0.06930693069306931
3 0.6371681415929203 0.22772277227722773 0.048672566371681415 0.04950495049504951
