0 0.4026548672566372 0.019801980198019802 0.07964601769911504 0.08415841584158416
0 0.7964601769911505 0.09405940594059406 0.07079646017699115 0.06930693069306931
0 0.8849557522123894 0.698019801980198 0.061946902654867256 0.09900990099009901
1 0.6504424778761062 0.698019801980198 0.061946902654867256 0.0891089108910891
1 0.7920353982300885 0.5643564356435643 0.07964601769911504 0.08415841584158416
2 0.38495575221238937 0.5198019801980198 0.05752212389380531 0.06435643564356436
2 0.5530973451327433 0.4207920792079208 0.05752212389380531 0.04950495049504951
3 0.3584070796460177 0.13861386138613863 0.05752212389380531 0.06930693069306931
3 0.8761061946902655 0.24257425742574257 0.084070796460177 0.054455445544554455
3 0.29646017699115046 0.698019801980198 0.05309734513274336 0.04455445544554455
4 0.28761061946902655 0.18316831683168316 0.05309734513274336 0.054455445544554455
