1 0.6991150442477876 0.8960396039603961 0.084070796460177 0.07920792079207921
1 0.6415929203539823 0.1188118811881188 0.084070796460177 0.08415841584158416
1 0.7168141592920354 0.7623762376237624 0.07964601769911504 0.06930693069306931
1 0.4336283185840708 0.0594059405940594 0.07964601769911504 0.06435643564356436
1 0.584070796460177 0.3811881188118812 0.07079646017699115 0.06435643564356436
2 0.8230088495575221 0.7029702970297029 0.0752212389380531 0.06930693069306931
2 0.26548672566371684 0.12871287128712872 0.07079646017699115 0.08415841584158416
2 0.584070796460177 0.5742574257425742 0.061946902654867256 0.06435643564356436
2 0.7477876106194691 0.30198019801980197 0.06637168141592921 0.06435643564356436
2 0.8893805309734514 0.13861386138613863 0.05309734513274336 0.0594059405940594
