1 0.7831858407079646 0.2722772277227723 0.061946902654867256 0.07920792079207921
1 0.004424778761061947 0.2079207920792079 0.084070796460177 0.09405940594059406
2 0.18141592920353983 0.01485148514851485 0.061946902654867256 0.0891089108910891
2 0.911504424778761 0.039603960396039604 0.05309734513274336 0.06930693069306931
2 0.41150442477876104 0.7128712871287128 0.048672566371681415 0.06930693069306931
2 0.6592920353982301 0.41089108910891087 0.0752212389380531 0.09405940594059406
2 0.8805309734513275 0.6039603960396039 0.05309734513274336 0.06930693069306931
3 0.26991150442477874 0.15841584158415842 0.048672566371681415 0.054455445544554455
3 0.8495575221238938 0.039603960396039604 0.04424778761061947 0.07425742574257425
3 0.911504424778761 0.45544554455445546 0.05752212389380531 0.07425742574257425
4 0.18584070796460178 0.31683168316831684 0.061946902654867256 0.06930693069306931
