1 0.048672566371681415 0.0891089108910891 0.0752212389380531 0.08415841584158416
1 0.022123893805309734 0.0891089108910891 0.07079646017699115 0.0891089108910891
1 0.7743362831858407 0.30198019801980197 0.06637168141592921 0.07920792079207921
1 0.37168141592920356 0.23267326732673269 0.084070796460177 0.0891089108910891
2 0.022123893805309734 0.15841584158415842 0.061946902654867256 0.06930693069306931
2 0.6415929203539823 0.4207920792079208 0.06637168141592921 0.06435643564356436
2 0.6283185840707964 0.41089108910891087 0.07964601769911504 0.06930693069306931
2 0.4646017699115044 0.8465346534653465 0.03982300884955752 0.07425742574257425
2 0.5663716814159292 0.594059405940594 0.061946902654867256 0.07425742574257425
3 0.3893805309734513 0.08415841584158416 0.04424778761061947 0.0594059405940594
