0 0.084070796460177 0.15346534653465346 0.084070796460177 0.07920792079207921
0 0.41150442477876104 0.5495049504950495 0.09292035398230089 0.09900990099009901
0 0.6548672566371682 0.3118811881188119 0.0752212389380531 0.08415841584158416
0 0.7168141592920354 0.5 0.06637168141592921 0.07920792079207921
1 0.1902654867256637 0.6237623762376238 0.08849557522123894 0.10396039603960396
2 0.41150442477876104 0.8613861386138614 0.06637168141592921 0.06930693069306931
3 0.19911504424778761 0.06435643564356436 0.07079646017699115 0.06930693069306931
3 0.10176991150442478 0.6138613861386139 0.04424778761061947 0.054455445544554455
3 0.6327433628318584 0.5841584158415841 0.0752212389380531 0.06930693069306931
3 0.08849557522123894 0.5445544554455446 0.048672566371681415 0.0594059405940594
4 0.8893805309734514 0.8910891089108911 0.06637168141592921 0.07425742574257425
