0 0.20353982300884957 0.15841584158415842 0.084070796460177 0.07425742574257425
0 0.10619469026548672 0.39603960396039606 0.084070796460177 0.09405940594059406
1 0.061946902654867256 0.2376237623762376 0.06637168141592921 0.054455445544554455
1 0.18141592920353983 0.6881188118811881 0.06637168141592921 0.06930693069306931
1 0.8539823008849557 0.9207920792079208 0.07079646017699115 0.06435643564356436
1 0.6592920353982301 0.3069306930693069 0.07079646017699115 0.0891089108910891
1 0.6460176991150443 0.21782178217821782 0.08849557522123894 0.0891089108910891
2 0.6991150442477876 0.5346534653465347 0.061946902654867256 0.054455445544554455
2 0.24336283185840707 0.400990099009901 0.07079646017699115 0.07425742574257425
2 0.4469026548672566 0.7277227722772277 0.05309734513274336 0.0594059405940594
4 0.9070796460176991 0.04950495049504951 0.05752212389380531 0.054455445544554455
