0 0.8407079646017699 0.41089108910891087 0.08849557522123894 0.08415841584158416
0 0.6061946902654868 0.693069306930693 0.06637168141592921 0.09900990099009901
0 0.7610619469026548 0.400990099009901 0.05752212389380531 0.07425742574257425
1 0.6769911504424779 0.2871287128712871 0.061946902654867256 0.07920792079207921
1 0.7212389380530974 0.4306930693069307 0.0752212389380531 0.06930693069306931
2 0.10176991150442478 0.5495049504950495 0.06637168141592921 0.08415841584158416
2 0.8849557522123894 0.10891089108910891 0.084070796460177 0.07425742574257425
3 0.42035398230088494 0.6584158415841584 0.061946902654867256 0.07425742574257425
3 0.12831858407079647 0.24752475247524752 0.061946902654867256 0.07920792079207921
3 0.6283185840707964 0.7524752475247525 0.061946902654867256 0.0594059405940594
4 0.26548672566371684 0.024752475247524754 0.048672566371681415 0.07425742574257425
