0 0.6371681415929203 0.5346534653465347 0.07964601769911504 0.07920792079207921
0 0.7920353982300885 0.30198019801980197 0.07964601769911504 0.07425742574257425
0 0.9203539823008849 0.2079207920792079 0.06637168141592921 0.09405940594059406
0 0.23893805309734514 0.16831683168316833 0.084070796460177 0.08415841584158416
1 0.004424778761061947 0.5693069306930693 0.0752212389380531 0.09405940594059406
2 0.8407079646017699 0.7326732673267327 0.07079646017699115 0.07920792079207921
3 0.415929203539823 0.43564356435643564 0.05752212389380531 0.0891089108910891
3 0.13274336283185842 0.4752475247524752 0.05309734513274336 0.07425742574257425
3 0.47345132743362833 0.7376237623762376 0.035398230088495575 0.054455445544554455
3 0.8185840707964602 0.8663366336633663 0.048672566371681415 0.0594059405940594
