1 0.6637168141592921 0.3465346534653465 0.084070796460177 0.0891089108910891
1 0.3893805309734513 0.31683168316831684 0.07964601769911504 0.07425742574257425
2 0.7256637168141593 0.15841584158415842 0.05309734513274336 0.06435643564356436
2 0.2610619469026549 0.5396039603960396 0.048672566371681415 0.06930693069306931
2 0.22123893805309736 0.6881188118811881 0.06637168141592921 0.06435643564356436
2 0.3008849557522124 0.21782178217821782 0.06637168141592921 0.07425742574257425
2 0.33185840707964603 0.3712871287128713 0.05309734513274336 0.07425742574257425
3 0.3230088495575221 0.5742574257425742 0.05752212389380531 0.07425742574257425
3 0.18141592920353983 0.6336633663366337 0.084070796460177 0.06930693069306931
3 0.8407079646017699 0.21287128712871287 0.04424778761061947 0.07425742574257425
4 0.5398230088495575 0.18811881188118812 0.0752212389380531 0.07920792079207921
