0 0.5796460176991151 0.019801980198019802 0.05752212389380531 0.07920792079207921
1 0.19469026548672566 0.3465346534653465 0.0752212389380531 0.06435643564356436
1 0.4424778761061947 0.6089108910891089 0.061946902654867256 0.06930693069306931
1 0.37168141592920356 0.7623762376237624 0.07079646017699115 0.07425742574257425
1 0.6061946902654868 0.5148514851485149 0.0752212389380531 0.07920792079207921
1 0.07079646017699115 0.5148514851485149 0.08849557522123894 0.07920792079207921
2 0.07079646017699115 0.2871287128712871 0.05309734513274336 0.06435643564356436
2 0.252212389380531 0.5742574257425742 0.05752212389380531 0.06435643564356436
2 0.7654867256637168 0.693069306930693 0.061946902654867256 0.0891089108910891
2 0.5486725663716814 0.8168316831683168 0.07079646017699115 0.07425742574257425
