0 0.07964601769911504 0.297029702970297 0.07079646017699115 0.08415841584158416
0 0.4469026548672566 0.01485148514851485 0.0752212389380531 0.08415841584158416
1 0.584070796460177 0.7821782178217822 0.06637168141592921 0.07920792079207921
1 0.1504424778761062 0.5346534653465347 0.07079646017699115 0.07920792079207921
2 0.11504424778761062 0.8910891089108911 0.0752212389380531 0.054455445544554455
2 0.04424778761061947 0.6782178217821783 0.061946902654867256 0.07920792079207921
2 0.7212389380530974 0.27722772277227725 0.084070796460177 0.08415841584158416
3 0.6769911504424779 0.5495049504950495 0.07079646017699115 0.054455445544554455
3 0.8982300884955752 0.8168316831683168 0.061946902654867256 0.09405940594059406
3 0.47345132743362833 0.22277227722772278 0.061946902654867256 0.0594059405940594
