0 0.8849557522123894 0.07920792079207921 0.04424778761061947 0.0891089108910891
0 0.04424778761061947 0.2524752475247525 0.06637168141592921 0.0891089108910891
0 0.7699115044247787 0.33663366336633666 0.07964601769911504 0.09405940594059406
1 0.5530973451327433 0.42574257425742573 0.061946902654867256 0.08415841584158416
1 0.24336283185840707 0.034653465346534656 0.07964601769911504 0.09405940594059406
2 0.5309734513274337 0.6386138613861386 0.0752212389380531 0.0594059405940594
2 0.23893805309734514 0.11386138613861387 0.061946902654867256 0.0594059405940594
3 0.43805309734513276 0.0594059405940594 0.05309734513274336 0.0594059405940594
3 0.6460176991150443 0.33663366336633666 0.048672566371681415 0.0891089108910891
3 0.004424778761061947 0.6039603960396039 0.0752212389380531 0.09405940594059406
4 0.8849557522123894 0.07425742574257425 0.048672566371681415 0.07920792079207921
