0 0.6017699115044248 0.6584158415841584 0.084070796460177 0.07920792079207921
0 0.8053097345132744 0.5346534653465347 0.061946902654867256 0.06435643564356436
1 0.7654867256637168 0.22772277227722773 0.0752212389380531 0.07425742574257425
1 0.5530973451327433 0.23267326732673269 0.06637168141592921 0.06930693069306931
1 0.3141592920353982 0.4405940594059406 0.05309734513274336 0.08415841584158416
2 0.5752212389380531 0.5148514851485149 0.05309734513274336 0.04950495049504951
2 0.7787610619469026 0.8267326732673267 0.02654867256637168 0.0891089108910891
2 0.6991150442477876 0.6584158415841584 0.07964601769911504 0.07425742574257425
3 0.24336283185840707 0.7524752475247525 0.07079646017699115 0.06435643564356436
3 0.672566371681416 0.8663366336633663 0.061946902654867256 0.08415841584158416
