0 0.02654867256637168 0.4752475247524752 0.07079646017699115 0.09405940594059406
1 0.5176991150442478 0.3564356435643564 0.07964601769911504 0.06930693069306931
1 0.10619469026548672 0.8712871287128713 0.084070796460177 0.07425742574257425
1 0.588495575221239 0.10396039603960396 0.07079646017699115 0.06930693069306931
2 0.11504424778761062 0.7277227722772277 0.061946902654867256 0.0594059405940594
2 0.09292035398230089 0.15841584158415842 0.06637168141592921 0.0594059405940594
2 0.3274336283185841 0.07920792079207921 0.06637168141592921 0.0891089108910891
2 0.6991150442477876 0.8762376237623762 0.0752212389380531 0.07425742574257425
3 0.911504424778761 0.900990099009901 0.048672566371681415 0.054455445544554455
3 0.4557522123893805 0.7871287128712872 0.05309734513274336 0.06435643564356436
