0 0.8982300884955752 0.07920792079207921 0.084070796460177 0.10891089108910891
0 0.5088495575221239 0.8217821782178217 0.07079646017699115 0.08415841584158416
0 0.45132743362831856 0.5198019801980198 0.08849557522123894 0.07425742574257425
0 0.7964601769911505 0.4207920792079208 0.07964601769911504 0.09405940594059406
1 0.7610619469026548 0.15841584158415842 0.0752212389380531 0.07920792079207921
1 0.6371681415929203 0.5247524752475248 0.061946902654867256 0.08415841584158416
1 0.2079646017699115 0.6386138613861386 0.06637168141592921 0.06435643564356436
1 0.2079646017699115 0.3564356435643564 0.061946902654867256 0.06435643564356436
2 0.4469026548672566 0.2623762376237624 0.06637168141592921 0.04950495049504951
3 0.8982300884955752 0.6386138613861386 0.03982300884955752 0.04950495049504951
4 0.8805309734513275 0.19801980198019803 0.04424778761061947 0.0594059405940594
