1 0.3584070796460177 0.594059405940594 0.0752212389380531 0.06930693069306931
1 0.5088495575221239 0.6881188118811881 0.07079646017699115 0.07920792079207921
1 0.8230088495575221 0.8712871287128713 0.07079646017699115 0.08415841584158416
1 0.4026548672566372 0.48514851485148514 0.05752212389380531 0.06930693069306931
2 0.6902654867256637 0.8514851485148515 0.061946902654867256 0.06930693069306931
2 0.831858407079646 0.2079207920792079 0.0752212389380531 0.07425742574257425
2 0.47345132743362833 0.5841584158415841 0.0752212389380531 0.0594059405940594
2 0.1415929203539823 0.2722772277227723 0.061946902654867256 0.06930693069306931
2 0.6592920353982301 0.41089108910891087 0.05752212389380531 0.06435643564356436
3 0.12831858407079647 0.37623762376237624 0.07964601769911504 0.06930693069306931
