1 0.14601769911504425 0.6188118811881188 0.06637168141592921 0.07920792079207921
1 0.672566371681416 0.7029702970297029 0.06637168141592921 0.07920792079207921
1 0.49557522123893805 0.9108910891089109 0.061946902654867256 0.08415841584158416
1 0.3053097345132743 0.29207920792079206 0.07964601769911504 0.07425742574257425
2 0.3053097345132743 0.8168316831683168 0.048672566371681415 0.0594059405940594
2 0.5796460176991151 0.900990099009901 0.05752212389380531 0.04950495049504951
2 0.7123893805309734 0.599009900990099 0.061946902654867256 0.04950495049504951
2 0.4778761061946903 0.49504950495049505 0.061946902654867256 0.06435643564356436
2 0.37168141592920356 0.6138613861386139 0.06637168141592921 0.0594059405940594
3 0.2079646017699115 0.16336633663366337 0.03982300884955752 0.06435643564356436
