0 0.8849557522123894 0.0297029702970297 0.05752212389380531 0.08415841584158416
0 0.7168141592920354 0.30198019801980197 0.07964601769911504 0.09900990099009901
0 0.504424778761062 0.22772277227722773 0.061946902654867256 0.07920792079207921
1 0.12389380530973451 0.6039603960396039 0.0752212389380531 0.07920792079207921
1 0.7566371681415929 0.06435643564356436 0.061946902654867256 0.08415841584158416
1 0.8362831858407079 0.4504950495049505 0.07079646017699115 0.07920792079207921
2 0.5176991150442478 0.14356435643564355 0.061946902654867256 0.06435643564356436
2 0.5265486725663717 0.698019801980198 0.05309734513274336 0.0594059405940594
3 0.10176991150442478 0.32673267326732675 0.07079646017699115 0.06930693069306931
3 0.5132743362831859 0.7326732673267327 0.05309734513274336 0.04950495049504951
