0 0.5442477876106194 0.07920792079207921 0.0752212389380531 0.09405940594059406
0 0.7876106194690266 0.5495049504950495 0.07964601769911504 0.09900990099009901
0 0.5973451327433629 0.15841584158415842 0.06637168141592921 0.08415841584158416
0 0.6548672566371682 0.2524752475247525 0.06637168141592921 0.08415841584158416
2 0.14601769911504425 0.3069306930693069 0.061946902654867256 0.0891089108910891
3 0.2345132743362832 0.3910891089108911 0.0752212389380531 0.0594059405940594
3 0.8672566371681416 0.7029702970297029 0.048672566371681415 0.06435643564356436
3 0.6504424778761062 0.6534653465346535 0.06637168141592921 0.06435643564356436
3 0.7699115044247787 0.1485148514851485 0.04424778761061947 0.07425742574257425
3 0.7079646017699115 0.6584158415841584 0.06637168141592921 0.06435643564356436
