0 0.831858407079646 0.7871287128712872 0.07964601769911504 0.06930693069306931
1 0.8053097345132744 0.07425742574257425 0.0752212389380531 0.09405940594059406
1 0.12389380530973451 0.16831683168316833 0.06637168141592921 0.07425742574257425
1 0.827433628318584 0.09405940594059406 0.07964601769911504 0.0891089108910891
1 0.4026548672566372 0.5099009900990099 0.07964601769911504 0.07425742574257425
1 0.12831858407079647 0.8217821782178217 0.07079646017699115 0.07920792079207921
2 0.17256637168141592 0.5099009900990099 0.06637168141592921 0.0594059405940594
2 0.8849557522123894 0.24257425742574257 0.02654867256637168 0.0891089108910891
2 0.7477876106194691 0.8811881188118812 0.05309734513274336 0.07920792079207921
2 0.18584070796460178 0.8118811881188119 0.05752212389380531 0.07920792079207921
4 0.5929203539823009 0.801980198019802 0.04424778761061947 0.06930693069306931
