0 0.29646017699115046 0.5346534653465347 0.084070796460177 0.08415841584158416
0 0.7212389380530974 0.7722772277227723 0.05752212389380531 0.06930693069306931
0 0.3141592920353982 0.6435643564356436 0.08849557522123894 0.08415841584158416
0 0.8141592920353983 0.40594059405940597 0.07964601769911504 0.07920792079207921
1 0.7168141592920354 0.23267326732673269 0.05309734513274336 0.0891089108910891
1 0.8938053097345132 0.3069306930693069 0.061946902654867256 0.0891089108910891
2 0.6150442477876106 0.6633663366336634 0.048672566371681415 0.04950495049504951
3 0.2079646017699115 0.8910891089108911 0.07079646017699115 0.04950495049504951
3 0.23008849557522124 0.2623762376237624 0.05752212389380531 0.06435643564356436
3 0.8185840707964602 0.07425742574257425 0.07079646017699115 0.06435643564356436
4 0.8628318584070797 0.41089108910891087 0.05309734513274336 0.054455445544554455
