0 0.7345132743362832 0.7326732673267327 0.06637168141592921 0.07425742574257425
0 0.831858407079646 0.35148514851485146 0.06637168141592921 0.08415841584158416
1 0.8849557522123894 0.43564356435643564 0.061946902654867256 0.09405940594059406
1 0.4336283185840708 0.45544554455445546 0.061946902654867256 0.06435643564356436
2 0.7699115044247787 0.7574257425742574 0.07079646017699115 0.06435643564356436
2 0.6858407079646017 0.3811881188118812 0.0752212389380531 0.0594059405940594
2 0.42035398230088494 0.25742574257425743 0.06637168141592921 0.08415841584158416
3 0.7389380530973452 0.6485148514851485 0.06637168141592921 0.06435643564356436
3 0.7787610619469026 0.7574257425742574 0.05309734513274336 0.039603960396039604
3 0.7433628318584071 0.09405940594059406 0.0752212389380531 0.06930693069306931
4 0.04424778761061947 0.2722772277227723 0.05752212389380531 0.07425742574257425
