0 0.28761061946902655 0.5495049504950495 0.0752212389380531 0.10396039603960396
0 0.8761061946902655 0.8118811881188119 0.07079646017699115 0.08415841584158416
0 0.38495575221238937 0.3811881188118812 0.061946902654867256 0.07920792079207921
1 0.2831858407079646 0.5396039603960396 0.06637168141592921 0.07425742574257425
1 0.7876106194690266 0.6039603960396039 0.07079646017699115 0.07425742574257425
1 0.4247787610619469 0.24752475247524752 0.061946902654867256 0.08415841584158416
1 0.1902654867256637 0.7475247524752475 0.07079646017699115 0.08415841584158416
2 0.3185840707964602 0.698019801980198 0.07079646017699115 0.07425742574257425
2 0.11946902654867257 0.47029702970297027 0.03982300884955752 0.06930693069306931
3 0.29646017699115046 0.18316831683168316 0.048672566371681415 0.0594059405940594
