0 0.8938053097345132 0.5396039603960396 0.07079646017699115 0.09405940594059406
0 0.33185840707964603 0.46534653465346537 0.084070796460177 0.0891089108910891
0 0.2743362831858407 0.15346534653465346 0.0752212389380531 0.08415841584158416
0 0.3672566371681416 0.6534653465346535 0.07079646017699115 0.07920792079207921
2 0.168141592920354 0.039603960396039604 0.061946902654867256 0.07425742574257425
3 0.8584070796460177 0.48514851485148514 0.07079646017699115 0.07920792079207921
3 0.7522123893805309 0.8712871287128713 0.07079646017699115 0.07920792079207921
3 0.45132743362831856 0.0297029702970297 0.05752212389380531 0.06930693069306931
3 0.11946902654867257 0.7722772277227723 0.05309734513274336 0.07425742574257425
3 0.4823008849557522 0.8712871287128713 0.07079646017699115 0.07425742574257425
4 0.7389380530973452 0.04455445544554455 0.061946902654867256 0.0891089108910891
