0 0.19911504424778761 0.3415841584158416 0.0752212389380531 0.07425742574257425
0 0.22123893805309736 0.7772277227722773 0.07964601769911504 0.07920792079207921
0 0.34513274336283184 0.48514851485148514 0.05752212389380531 0.06930693069306931
0 0.26548672566371684 0.8465346534653465 0.07964601769911504 0.07425742574257425
0 0.1902654867256637 0.6435643564356436 0.08849557522123894 0.0891089108910891
1 0.6194690265486725 0.7425742574257426 0.07964601769911504 0.0891089108910891
1 0.22123893805309736 0.10891089108910891 0.06637168141592921 0.07920792079207921
1 0.6327433628318584 0.04950495049504951 0.0752212389380531 0.0594059405940594
1 0.20353982300884957 0.14356435643564355 0.0752212389380531 0.07920792079207921
1 0.4247787610619469 0.8217821782178217 0.08849557522123894 0.07425742574257425
4 0.7522123893805309 0.2524752475247525 0.048672566371681415 0.07920792079207921
