0 0.5442477876106194 0.5396039603960396 0.07079646017699115 0.0594059405940594
0 0.2079646017699115 0.4306930693069307 0.0752212389380531 0.06435643564356436
0 0.7123893805309734 0.4158415841584158 0.061946902654867256 0.07920792079207921
1 0.8761061946902655 0.3712871287128713 0.08849557522123894 0.09900990099009901
2 0.6017699115044248 0.31683168316831684 0.0752212389380531 0.07425742574257425
2 0.06637168141592921 0.48514851485148514 0.07079646017699115 0.04950495049504951
3 0.7168141592920354 0.8762376237623762 0.0752212389380531 0.06930693069306931
3 0.915929203539823 0.4504950495049505 0.05752212389380531 0.06435643564356436
3 0.252212389380531 0.8811881188118812 0.06637168141592921 0.06930693069306931
3 0.3008849557522124 0.6386138613861386 0.05309734513274336 0.06930693069306931
