0 0.8495575221238938 0.2623762376237624 0.07964601769911504 0.06435643564356436
0 0.11504424778761062 0.7970297029702971 0.084070796460177 0.08415841584158416
0 0.29646017699115046 0.16336633663366337 0.07079646017699115 0.07920792079207921
0 0.3893805309734513 0.45544554455445546 0.0752212389380531 0.07425742574257425
1 0.8938053097345132 0.0594059405940594 0.061946902654867256 0.07425742574257425
1 0.40707964601769914 0.4801980198019802 0.05752212389380531 0.08415841584158416
1 0.24336283185840707 0.7623762376237624 0.0752212389380531 0.08415841584158416
1 0.6460176991150443 0.8118811881188119 0.07964601769911504 0.07920792079207921
1 0.5707964601769911 0.5742574257425742 0.07079646017699115 0.0891089108910891
2 0.8230088495575221 0.4752475247524752 0.07079646017699115 0.06930693069306931
4 0.004424778761061947 0.41089108910891087 0.05752212389380531 0.08415841584158416
