0 0.19469026548672566 0.8663366336633663 0.061946902654867256 0.06930693069306931
1 0.8628318584070797 0.13366336633663367 0.061946902654867256 0.06930693069306931
2 0.2079646017699115 0.8564356435643564 0.07079646017699115 0.04950495049504951
2 0.4778761061946903 0.18316831683168316 0.061946902654867256 0.08415841584158416
2 0.6371681415929203 0.8663366336633663 0.06637168141592921 0.04950495049504951
2 0.11061946902654868 0.8267326732673267 0.05752212389380531 0.06930693069306931
3 0.6460176991150443 0.4504950495049505 0.061946902654867256 0.07425742574257425
3 0.13716814159292035 0.0049504950495049506 0.05309734513274336 0.06435643564356436
3 0.12831858407079647 0.22277227722772278 0.07964601769911504 0.0891089108910891
3 0.7389380530973452 0.01485148514851485 0.035398230088495575 0.039603960396039604
4 0.2743362831858407 0.22277227722772278 0.05752212389380531 0.06930693069306931
