0 0.827433628318584 0.14356435643564355 0.07079646017699115 0.07425742574257425
0 0.4911504424778761 0.6386138613861386 0.06637168141592921 0.07425742574257425
1 0.33185840707964603 0.599009900990099 0.0752212389380531 0.0891089108910891
2 0.2079646017699115 0.6188118811881188 0.0752212389380531 0.07425742574257425
2 0.46017699115044247 0.28217821782178215 0.05752212389380531 0.07920792079207921
2 0.29646017699115046 0.054455445544554455 0.05752212389380531 0.08415841584158416
3 0.26991150442477874 0.2722772277227723 0.05309734513274336 0.07920792079207921
3 0.8761061946902655 0.5742574257425742 0.05752212389380531 0.054455445544554455
3 0.0 0.698019801980198 0.05309734513274336 0.04950495049504951
3 0.22566371681415928 0.7475247524752475 0.05752212389380531 0.07425742574257425
