0 0.43805309734513276 0.6782178217821783 0.061946902654867256 0.06930693069306931
0 0.3407079646017699 0.32673267326732675 0.084070796460177 0.06930693069306931
0 0.6106194690265486 0.024752475247524754 0.06637168141592921 0.09405940594059406
0 0.6548672566371682 0.594059405940594 0.06637168141592921 0.07425742574257425
0 0.4646017699115044 0.42574257425742573 0.084070796460177 0.09900990099009901
1 0.26548672566371684 0.009900990099009901 0.0752212389380531 0.09405940594059406
1 0.38495575221238937 0.7029702970297029 0.0752212389380531 0.0891089108910891
3 0.2610619469026549 0.5 0.05309734513274336 0.06435643564356436
3 0.4646017699115044 0.7970297029702971 0.06637168141592921 0.07425742574257425
3 0.4247787610619469 0.5396039603960396 0.07079646017699115 0.06930693069306931
