0 0.6415929203539823 0.8118811881188119 0.07079646017699115 0.08415841584158416
0 0.7035398230088495 0.42574257425742573 0.04424778761061947 0.054455445544554455
0 0.672566371681416 0.20297029702970298 0.061946902654867256 0.0891089108910891
0 0.4469026548672566 0.24752475247524752 0.084070796460177 0.09900990099009901
0 0.7345132743362832 0.3811881188118812 0.06637168141592921 0.08415841584158416
1 0.7964601769911505 0.7623762376237624 0.06637168141592921 0.09405940594059406
1 0.07964601769911504 0.8861386138613861 0.07964601769911504 0.0891089108910891
1 0.2610619469026549 0.7970297029702971 0.061946902654867256 0.07920792079207921
1 0.4911504424778761 0.13366336633663367 0.061946902654867256 0.0594059405940594
1 0.252212389380531 0.15346534653465346 0.05309734513274336 0.0891089108910891
4 0.008849557522123894 0.14356435643564355 0.0752212389380531 0.09405940594059406
