1 0.09734513274336283 0.7524752475247525 0.06637168141592921 0.08415841584158416
1 0.27876106194690264 0.7524752475247525 0.07079646017699115 0.0891089108910891
1 0.8982300884955752 0.5643564356435643 0.06637168141592921 0.0891089108910891
1 0.8185840707964602 0.35148514851485146 0.061946902654867256 0.07425742574257425
2 0.336283185840708 0.6039603960396039 0.07079646017699115 0.08415841584158416
2 0.5929203539823009 0.3465346534653465 0.061946902654867256 0.07920792079207921
2 0.02654867256637168 0.06435643564356436 0.05309734513274336 0.06435643564356436
2 0.05752212389380531 0.6237623762376238 0.05309734513274336 0.06930693069306931
2 0.47345132743362833 0.4405940594059406 0.05752212389380531 0.07920792079207921
3 0.6946902654867256 0.7673267326732673 0.07079646017699115 0.04950495049504951
4 0.23893805309734514 0.17326732673267325 0.0752212389380531 0.06930693069306931
