0 0.7389380530973452 0.35148514851485146 0.084070796460177 0.09405940594059406
0 0.7654867256637168 0.3118811881188119 0.06637168141592921 0.08415841584158416
0 0.2168141592920354 0.7277227722772277 0.0752212389380531 0.08415841584158416
2 0.7876106194690266 0.10396039603960396 0.05752212389380531 0.07425742574257425
2 0.3407079646017699 0.5544554455445545 0.07964601769911504 0.0594059405940594
3 0.6769911504424779 0.10891089108910891 0.06637168141592921 0.054455445544554455
3 0.5442477876106194 0.21287128712871287 0.06637168141592921 0.07425742574257425
3 0.4646017699115044 0.504950495049505 0.07079646017699115 0.07920792079207921
3 0.7256637168141593 0.7425742574257426 0.0752212389380531 0.054455445544554455
3 0.13274336283185842 0.5247524752475248 0.084070796460177 0.054455445544554455
