0 0.5973451327433629 0.024752475247524754 0.07079646017699115 0.07920792079207921
0 0.6504424778761062 0.3910891089108911 0.07964601769911504 0.06435643564356436
0 0.048672566371681415 0.034653465346534656 0.061946902654867256 0.0891089108910891
1 0.10176991150442478 0.9207920792079208 0.05752212389380531 0.06930693069306931
2 0.831858407079646 0.27722772277227725 0.05309734513274336 0.07920792079207921
2 0.16371681415929204 0.24752475247524752 0.061946902654867256 0.0594059405940594
3 0.24336283185840707 0.9306930693069307 0.05309734513274336 0.06435643564356436
3 0.37168141592920356 0.6435643564356436 0.061946902654867256 0.0594059405940594
3 0.3893805309734513 0.5643564356435643 0.04424778761061947 0.06435643564356436
3 0.7300884955752213 0.18811881188118812 0.05752212389380531 0.0891089108910891
4 0.09734513274336283 0.5742574257425742 0.084070796460177 0.07425742574257425
