0 0.8672566371681416 0.19306930693069307 0.08849557522123894 0.09900990099009901
0 0.09734513274336283 0.12376237623762376 0.084070796460177 0.09405940594059406
0 0.7168141592920354 0.21287128712871287 0.08849557522123894 0.08415841584158416
0 0.504424778761062 0.21287128712871287 0.07964601769911504 0.08415841584158416
1 0.0752212389380531 0.3910891089108911 0.084070796460177 0.0891089108910891
1 0.4026548672566372 0.1782178217821782 0.08849557522123894 0.06930693069306931
2 0.084070796460177 0.32673267326732675 0.061946902654867256 0.06435643564356436
3 0.7876106194690266 0.9108910891089109 0.07964601769911504 0.07920792079207921
3 0.2610619469026549 0.8316831683168316 0.06637168141592921 0.0594059405940594
3 0.4247787610619469 0.5792079207920792 0.061946902654867256 0.06930693069306931
