0 0.06637168141592921 0.4158415841584158 0.09292035398230089 0.0891089108910891
0 0.19469026548672566 0.22277227722772278 0.0752212389380531 0.06930693069306931
1 0.7123893805309734 0.36633663366336633 0.07964601769911504 0.07920792079207921
1 0.5973451327433629 0.45544554455445546 0.07964601769911504 0.08415841584158416
1 0.6327433628318584 0.8613861386138614 0.07079646017699115 0.09405940594059406
2 0.23008849557522124 0.45544554455445546 0.06637168141592921 0.06930693069306931
2 0.9424778761061947 0.24752475247524752 0.05752212389380531 0.07425742574257425
2 0.5088495575221239 0.37623762376237624 0.0752212389380531 0.09405940594059406
3 0.12831858407079647 0.2623762376237624 0.05752212389380531 0.054455445544554455
3 0.37610619469026546 0.26732673267326734 0.03982300884955752 0.04950495049504951
