0 0.3053097345132743 0.3118811881188119 0.06637168141592921 0.07425742574257425
0 0.6504424778761062 0.08415841584158416 0.0752212389380531 0.07425742574257425
0 0.415929203539823 0.35148514851485146 0.06637168141592921 0.06930693069306931
0 0.3938053097345133 0.5148514851485149 0.061946902654867256 0.0891089108910891
1 0.09292035398230089 0.3613861386138614 0.07079646017699115 0.09405940594059406
1 0.6991150442477876 0.6881188118811881 0.07964601769911504 0.07920792079207921
2 0.5176991150442478 0.42574257425742573 0.06637168141592921 0.0594059405940594
3 0.19911504424778761 0.26732673267326734 0.05309734513274336 0.07920792079207921
3 0.7699115044247787 0.26732673267326734 0.07964601769911504 0.07425742574257425
3 0.6504424778761062 0.3217821782178218 0.07964601769911504 0.08415841584158416
4 0.13716814159292035 0.8465346534653465 0.07964601769911504 0.07425742574257425
