0 0.02654867256637168 0.7920792079207921 0.05752212389380531 0.0891089108910891
0 0.008849557522123894 0.801980198019802 0.07079646017699115 0.06435643564356436
0 0.7610619469026548 0.6732673267326733 0.0752212389380531 0.08415841584158416
1 0.16371681415929204 0.4801980198019802 0.06637168141592921 0.07920792079207921
1 0.7654867256637168 0.6732673267326733 0.0752212389380531 0.0891089108910891
2 0.8097345132743363 0.8910891089108911 0.061946902654867256 0.07425742574257425
2 0.28761061946902655 0.6089108910891089 0.07079646017699115 0.06435643564356436
3 0.8053097345132744 0.48514851485148514 0.06637168141592921 0.0891089108910891
3 0.8539823008849557 0.6089108910891089 0.06637168141592921 0.06930693069306931
3 0.7743362831858407 0.01485148514851485 0.05752212389380531 0.054455445544554455
