0 0.05309734513274336 0.31683168316831684 0.06637168141592921 0.08415841584158416
0 0.4690265486725664 0.6633663366336634 0.07079646017699115 0.07425742574257425
0 0.2920353982300885 0.2376237623762376 0.07079646017699115 0.06930693069306931
0 0.05752212389380531 0.7376237623762376 0.06637168141592921 0.0891089108910891
0 0.2079646017699115 0.7673267326732673 0.06637168141592921 0.10396039603960396
1 0.3008849557522124 0.7128712871287128 0.05752212389380531 0.054455445544554455
1 0.39823008849557523 0.5495049504950495 0.06637168141592921 0.06435643564356436
1 0.7079646017699115 0.801980198019802 0.0752212389380531 0.0891089108910891
1 0.23893805309734514 0.31683168316831684 0.084070796460177 0.09405940594059406
1 0.6946902654867256 0.905940594059406 0.06637168141592921 0.054455445544554455
