0 0.022123893805309734 0.0049504950495049506 0.07964601769911504 0.06930693069306931
0 0.28761061946902655 0.9108910891089109 0.07964601769911504 0.07920792079207921
0 0.4026548672566372 0.8762376237623762 0.08849557522123894 0.0891089108910891
0 0.0752212389380531 0.29207920792079206 0.061946902654867256 0.0891089108910891
0 0.6460176991150443 0.7821782178217822 0.0752212389380531 0.07425742574257425
1 0.7256637168141593 0.10891089108910891 0.0752212389380531 0.09405940594059406
3 0.4026548672566372 0.3613861386138614 0.06637168141592921 0.0594059405940594
3 0.8495575221238938 0.594059405940594 0.07079646017699115 0.07920792079207921
3 0.3584070796460177 0.9455445544554455 0.07079646017699115 0.04950495049504951
3 0.19469026548672566 0.039603960396039604 0.0752212389380531 0.07425742574257425
