0 0.6327433628318584 0.3465346534653465 0.05752212389380531 0.06435643564356436
1 0.09292035398230089 0.024752475247524754 0.06637168141592921 0.08415841584158416
2 0.6106194690265486 0.32673267326732675 0.06637168141592921 0.06930693069306931
2 0.2743362831858407 0.3415841584158416 0.04424778761061947 0.0891089108910891
2 0.43805309734513276 0.37623762376237624 0.061946902654867256 0.07920792079207921
2 0.8893805309734514 0.15841584158415842 0.05752212389380531 0.06930693069306931
3 0.25663716814159293 0.039603960396039604 0.05752212389380531 0.054455445544554455
3 0.03982300884955752 0.801980198019802 0.05752212389380531 0.06930693069306931
3 0.6814159292035398 0.37623762376237624 0.061946902654867256 0.07920792079207921
3 0.1592920353982301 0.7722772277227723 0.07079646017699115 0.06435643564356436
