0 0.5132743362831859 0.7772277227722773 0.084070796460177 0.07920792079207921
0 0.37168141592920356 0.14356435643564355 0.06637168141592921 0.0891089108910891
0 0.1504424778761062 0.17326732673267325 0.06637168141592921 0.07920792079207921
0 0.4823008849557522 0.06930693069306931 0.084070796460177 0.10396039603960396
1 0.8938053097345132 0.20297029702970298 0.06637168141592921 0.08415841584158416
1 0.4336283185840708 0.6336633663366337 0.05752212389380531 0.08415841584158416
1 0.19911504424778761 0.7722772277227723 0.061946902654867256 0.09900990099009901
1 0.5530973451327433 0.7871287128712872 0.07079646017699115 0.09900990099009901
2 0.5309734513274337 0.4207920792079208 0.048672566371681415 0.054455445544554455
3 0.3893805309734513 0.6881188118811881 0.05752212389380531 0.07920792079207921
