0 0.6548672566371682 0.9158415841584159 0.06637168141592921 0.06930693069306931
1 0.004424778761061947 0.594059405940594 0.07079646017699115 0.07425742574257425
2 0.43805309734513276 0.09405940594059406 0.05752212389380531 0.06435643564356436
2 0.6858407079646017 0.7277227722772277 0.07079646017699115 0.06930693069306931
2 0.831858407079646 0.8861386138613861 0.061946902654867256 0.06435643564356436
2 0.5929203539823009 0.10891089108910891 0.05752212389380531 0.07425742574257425
3 0.03982300884955752 0.009900990099009901 0.061946902654867256 0.07425742574257425
3 0.8982300884955752 0.8960396039603961 0.0752212389380531 0.06435643564356436
3 0.07964601769911504 0.8960396039603961 0.061946902654867256 0.07920792079207921
3 0.6017699115044248 0.6732673267326733 0.035398230088495575 0.04950495049504951
4 0.6548672566371682 0.46534653465346537 0.06637168141592921 0.08415841584158416
