0 0.6769911504424779 0.3465346534653465 0.06637168141592921 0.08415841584158416
0 0.23893805309734514 0.6287128712871287 0.084070796460177 0.07425742574257425
0 0.7610619469026548 0.599009900990099 0.07079646017699115 0.08415841584158416
0 0.5442477876106194 0.8613861386138614 0.07079646017699115 0.07920792079207921
0 0.03982300884955752 0.5297029702970297 0.07079646017699115 0.08415841584158416
1 0.3141592920353982 0.8861386138613861 0.07964601769911504 0.0891089108910891
1 0.42035398230088494 0.15346534653465346 0.06637168141592921 0.07920792079207921
1 0.49557522123893805 0.3811881188118812 0.061946902654867256 0.06435643564356436
3 0.6017699115044248 0.7524752475247525 0.061946902654867256 0.07920792079207921
3 0.8716814159292036 0.11386138613861387 0.05752212389380531 0.06435643564356436
