0 0.672566371681416 0.4207920792079208 0.06637168141592921 0.07920792079207921
1 0.42920353982300885 0.034653465346534656 0.06637168141592921 0.07920792079207921
1 0.6637168141592921 0.47029702970297027 0.07079646017699115 0.09900990099009901
1 0.46017699115044247 0.5891089108910891 0.07964601769911504 0.09405940594059406
1 0.3805309734513274 0.0594059405940594 0.07964601769911504 0.08415841584158416
2 0.2168141592920354 0.024752475247524754 0.07079646017699115 0.054455445544554455
2 0.672566371681416 0.698019801980198 0.07079646017699115 0.0594059405940594
2 0.084070796460177 0.8217821782178217 0.07079646017699115 0.0594059405940594
2 0.18584070796460178 0.48514851485148514 0.06637168141592921 0.06930693069306931
3 0.26991150442477874 0.7524752475247525 0.04424778761061947 0.04455445544554455
4 0.19469026548672566 0.48514851485148514 0.048672566371681415 0.06435643564356436
