1 0.2610619469026549 0.5693069306930693 0.061946902654867256 0.07920792079207921
2 0.8495575221238938 0.693069306930693 0.07079646017699115 0.07425742574257425
2 0.8407079646017699 0.06930693069306931 0.061946902654867256 0.07920792079207921
2 0.04424778761061947 0.2079207920792079 0.061946902654867256 0.04950495049504951
2 0.084070796460177 0.5198019801980198 0.05309734513274336 0.06435643564356436
2 0.8982300884955752 0.10891089108910891 0.07079646017699115 0.08415841584158416
3 0.084070796460177 0.5841584158415841 0.04424778761061947 0.07920792079207921
3 0.5088495575221239 0.6336633663366337 0.05309734513274336 0.054455445544554455
3 0.8849557522123894 0.4504950495049505 0.05309734513274336 0.06435643564356436
3 0.7876106194690266 0.024752475247524754 0.07079646017699115 0.0891089108910891
4 0.5752212389380531 0.034653465346534656 0.048672566371681415 0.054455445544554455
