0 0.5398230088495575 0.7574257425742574 0.07079646017699115 0.08415841584158416
1 0.3805309734513274 0.26732673267326734 0.07964601769911504 0.0891089108910891
1 0.6902654867256637 0.41089108910891087 0.08849557522123894 0.08415841584158416
1 0.6150442477876106 0.7277227722772277 0.061946902654867256 0.08415841584158416
1 0.37168141592920356 0.801980198019802 0.05309734513274336 0.08415841584158416
2 0.030973451327433628 0.3564356435643564 0.05309734513274336 0.06435643564356436
2 0.4424778761061947 0.0891089108910891 0.07079646017699115 0.07920792079207921
2 0.6415929203539823 0.6039603960396039 0.07964601769911504 0.0891089108910891
2 0.7300884955752213 0.41089108910891087 0.06637168141592921 0.06435643564356436
3 0.8097345132743363 0.1188118811881188 0.0752212389380531 0.07425742574257425
