0 0.7212389380530974 0.2376237623762376 0.06637168141592921 0.07425742574257425
0 0.5088495575221239 0.38613861386138615 0.08849557522123894 0.0891089108910891
0 0.47345132743362833 0.400990099009901 0.084070796460177 0.09900990099009901
0 0.6946902654867256 0.7475247524752475 0.0752212389380531 0.06930693069306931
0 0.18141592920353983 0.3811881188118812 0.084070796460177 0.07425742574257425
1 0.27876106194690264 0.47029702970297027 0.07964601769911504 0.0891089108910891
1 0.6548672566371682 0.47029702970297027 0.0752212389380531 0.07425742574257425
1 0.6283185840707964 0.8960396039603961 0.0752212389380531 0.06435643564356436
1 0.6902654867256637 0.6683168316831684 0.07964601769911504 0.0891089108910891
1 0.2168141592920354 0.2623762376237624 0.06637168141592921 0.07920792079207921
