0 0.10176991150442478 0.8564356435643564 0.07964601769911504 0.06930693069306931
0 0.11504424778761062 0.37623762376237624 0.06637168141592921 0.0891089108910891
0 0.3938053097345133 0.44554455445544555 0.061946902654867256 0.0594059405940594
0 0.18584070796460178 0.1782178217821782 0.07079646017699115 0.09405940594059406
1 0.5707964601769911 0.08415841584158416 0.06637168141592921 0.06930693069306931
1 0.7345132743362832 0.8415841584158416 0.06637168141592921 0.07425742574257425
1 0.6194690265486725 0.6831683168316832 0.07964601769911504 0.07425742574257425
1 0.36283185840707965 0.297029702970297 0.07079646017699115 0.06930693069306931
2 0.45132743362831856 0.07920792079207921 0.0752212389380531 0.07425742574257425
3 0.23893805309734514 0.09900990099009901 0.05309734513274336 0.039603960396039604
4 0.12831858407079647 0.7326732673267327 0.05752212389380531 0.06930693069306931
