0 0.7389380530973452 0.42574257425742573 0.0752212389380531 0.07425742574257425
0 0.5 0.07425742574257425 0.084070796460177 0.07425742574257425
2 0.36283185840707965 0.36633663366336633 0.05309734513274336 0.07425742574257425
2 0.12831858407079647 0.2376237623762376 0.0752212389380531 0.07425742574257425
2 0.8938053097345132 0.21782178217821782 0.05752212389380531 0.07425742574257425
3 0.07964601769911504 0.4158415841584158 0.04424778761061947 0.06435643564356436
3 0.4646017699115044 0.5247524752475248 0.05752212389380531 0.06930693069306931
3 0.7522123893805309 0.7623762376237624 0.06637168141592921 0.07425742574257425
3 0.14601769911504425 0.5693069306930693 0.0752212389380531 0.0891089108910891
3 0.5353982300884956 0.5297029702970297 0.061946902654867256 0.08415841584158416
