1 0.7743362831858407 0.7178217821782178 0.0752212389380531 0.06930693069306931
1 0.168141592920354 0.8514851485148515 0.084070796460177 0.09405940594059406
1 0.23893805309734514 0.599009900990099 0.0752212389380531 0.07425742574257425
2 0.4557522123893805 0.009900990099009901 0.07964601769911504 0.07425742574257425
2 0.09292035398230089 0.25742574257425743 0.061946902654867256 0.07425742574257425
2 0.0752212389380531 0.8316831683168316 0.061946902654867256 0.06930693069306931
2 0.26548672566371684 0.693069306930693 0.05752212389380531 0.08415841584158416
2 0.49557522123893805 0.2871287128712871 0.06637168141592921 0.0594059405940594
3 0.40707964601769914 0.7871287128712872 0.061946902654867256 0.06435643564356436
3 0.5 0.06435643564356436 0.0752212389380531 0.07920792079207921
4 0.8407079646017699 0.7326732673267327 0.061946902654867256 0.07425742574257425
