0 0.7920353982300885 0.08415841584158416 0.084070796460177 0.07425742574257425
0 0.668141592920354 0.21782178217821782 0.061946902654867256 0.0594059405940594
0 0.3672566371681416 0.44554455445544555 0.08849557522123894 0.09900990099009901
0 0.34513274336283184 0.6138613861386139 0.0752212389380531 0.07425742574257425
0 0.6504424778761062 0.5891089108910891 0.0752212389380531 0.08415841584158416
1 0.46017699115044247 0.806930693069307 0.0752212389380531 0.07425742574257425
3 0.8539823008849557 0.41089108910891087 0.061946902654867256 0.06435643564356436
3 0.05752212389380531 0.4900990099009901 0.04424778761061947 0.07425742574257425
3 0.6814159292035398 0.12376237623762376 0.061946902654867256 0.06930693069306931
3 0.2168141592920354 0.6683168316831684 0.07964601769911504 0.08415841584158416
4 0.3893805309734513 0.7722772277227723 0.061946902654867256 0.06930693069306931
