0 0.504424778761062 0.16336633663366337 0.05752212389380531 0.0594059405940594
0 0.8849557522123894 0.3118811881188119 0.0752212389380531 0.07920792079207921
1 0.19911504424778761 0.019801980198019802 0.05752212389380531 0.06435643564356436
1 0.9070796460176991 0.3465346534653465 0.084070796460177 0.07920792079207921
1 0.36283185840707965 0.6881188118811881 0.05309734513274336 0.06930693069306931
1 0.6814159292035398 0.5445544554455446 0.06637168141592921 0.07425742574257425
1 0.6592920353982301 0.6534653465346535 0.0752212389380531 0.07425742574257425
2 0.6460176991150443 0.11386138613861387 0.061946902654867256 0.06435643564356436
2 0.30973451327433627 0.44554455445544555 0.06637168141592921 0.06435643564356436
2 0.18584070796460178 0.6336633663366337 0.06637168141592921 0.06930693069306931
4 0.827433628318584 0.801980198019802 0.061946902654867256 0.0594059405940594
