0 0.8893805309734514 0.3910891089108911 0.084070796460177 0.0594059405940594
0 0.7522123893805309 0.5792079207920792 0.084070796460177 0.07920792079207921
0 0.252212389380531 0.693069306930693 0.07079646017699115 0.07920792079207921
0 0.2831858407079646 0.9108910891089109 0.084070796460177 0.08415841584158416
1 0.05309734513274336 0.27722772277227725 0.061946902654867256 0.0891089108910891
1 0.6415929203539823 0.5099009900990099 0.06637168141592921 0.09405940594059406
2 0.02654867256637168 0.8366336633663366 0.07079646017699115 0.08415841584158416
3 0.16371681415929204 0.47029702970297027 0.07079646017699115 0.06930693069306931
3 0.16371681415929204 0.5297029702970297 0.05309734513274336 0.07425742574257425
3 0.5575221238938053 0.806930693069307 0.05309734513274336 0.06435643564356436
4 0.022123893805309734 0.0 0.05752212389380531 0.054455445544554455
