2 0.0752212389380531 0.8663366336633663 0.061946902654867256 0.04950495049504951
2 0.8982300884955752 0.4504950495049505 0.07079646017699115 0.07920792079207921
2 0.030973451327433628 0.46534653465346537 0.05752212389380531 0.06435643564356436
2 0.4557522123893805 0.594059405940594 0.061946902654867256 0.07425742574257425
2 0.09734513274336283 0.2079207920792079 0.07079646017699115 0.06930693069306931
3 0.5442477876106194 0.8613861386138614 0.048672566371681415 0.054455445544554455
3 0.5663716814159292 0.7722772277227723 0.048672566371681415 0.0594059405940594
3 0.5 0.3118811881188119 0.06637168141592921 0.07920792079207921
3 0.035398230088495575 0.13366336633663367 0.05752212389380531 0.07425742574257425
3 0.12831858407079647 0.7970297029702971 0.05752212389380531 0.04950495049504951
