1 0.6460176991150443 0.24257425742574257 0.06637168141592921 0.07920792079207921
1 0.4690265486725664 0.4801980198019802 0.08849557522123894 0.07425742574257425
2 0.19911504424778761 0.297029702970297 0.061946902654867256 0.054455445544554455
2 0.7920353982300885 0.5297029702970297 0.07079646017699115 0.06435643564356436
2 0.5707964601769911 0.13366336633663367 0.07079646017699115 0.08415841584158416
2 0.24336283185840707 0.49504950495049505 0.05752212389380531 0.0594059405940594
2 0.11504424778761062 0.5594059405940595 0.07079646017699115 0.06930693069306931
3 0.18584070796460178 0.6633663366336634 0.048672566371681415 0.07425742574257425
3 0.2831858407079646 0.5544554455445545 0.0752212389380531 0.054455445544554455
3 0.915929203539823 0.10891089108910891 0.05752212389380531 0.0594059405940594
4 0.8053097345132744 0.5297029702970297 0.061946902654867256 0.09405940594059406
