0 0.6106194690265486 0.11386138613861387 0.05309734513274336 0.09900990099009901
0 0.24336283185840707 0.9158415841584159 0.061946902654867256 0.06435643564356436
0 0.23008849557522124 0.599009900990099 0.0752212389380531 0.10396039603960396
1 0.3053097345132743 0.1485148514851485 0.061946902654867256 0.08415841584158416
1 0.7964601769911505 0.41089108910891087 0.084070796460177 0.0891089108910891
1 0.048672566371681415 0.1188118811881188 0.0752212389380531 0.08415841584158416
1 0.6592920353982301 0.5594059405940595 0.07964601769911504 0.07920792079207921
2 0.004424778761061947 0.3811881188118812 0.05309734513274336 0.06435643564356436
2 0.8805309734513275 0.8168316831683168 0.05752212389380531 0.054455445544554455
3 0.3893805309734513 0.24257425742574257 0.084070796460177 0.0594059405940594
