0 0.3185840707964602 0.22277227722772278 0.061946902654867256 0.06930693069306931
0 0.26991150442477874 0.024752475247524754 0.061946902654867256 0.07920792079207921
1 0.2079646017699115 0.42574257425742573 0.084070796460177 0.06930693069306931
1 0.911504424778761 0.8514851485148515 0.05309734513274336 0.054455445544554455
1 0.4469026548672566 0.07920792079207921 0.06637168141592921 0.06930693069306931
2 0.40707964601769914 0.7227722772277227 0.0752212389380531 0.07425742574257425
2 0.7477876106194691 0.6534653465346535 0.061946902654867256 0.08415841584158416
2 0.4557522123893805 0.5198019801980198 0.061946902654867256 0.06435643564356436
3 0.5309734513274337 0.7821782178217822 0.061946902654867256 0.08415841584158416
3 0.5486725663716814 0.3811881188118812 0.06637168141592921 0.0594059405940594
4 0.13716814159292035 0.5594059405940595 0.061946902654867256 0.07425742574257425
