1 0.7610619469026548 0.7574257425742574 0.0752212389380531 0.08415841584158416
1 0.46017699115044247 0.5198019801980198 0.084070796460177 0.07920792079207921
1 0.017699115044247787 0.8811881188118812 0.07079646017699115 0.0891089108910891
2 0.7389380530973452 0.10396039603960396 0.07079646017699115 0.06930693069306931
2 0.6592920353982301 0.12376237623762376 0.0752212389380531 0.06930693069306931
2 0.2168141592920354 0.43564356435643564 0.061946902654867256 0.08415841584158416
2 0.8584070796460177 0.33663366336633666 0.07079646017699115 0.0594059405940594
2 0.5221238938053098 0.24752475247524752 0.06637168141592921 0.0891089108910891
3 0.8805309734513275 0.5 0.05752212389380531 0.06435643564356436
3 0.09734513274336283 0.8118811881188119 0.05752212389380531 0.07425742574257425
4 0.6858407079646017 0.46534653465346537 0.07079646017699115 0.04950495049504951
