0 0.6150442477876106 0.37623762376237624 0.0752212389380531 0.08415841584158416
1 0.3274336283185841 0.4158415841584158 0.08849557522123894 0.07920792079207921
1 0.6548672566371682 0.5148514851485149 0.061946902654867256 0.06435643564356436
1 0.4247787610619469 0.3910891089108911 0.084070796460177 0.08415841584158416
2 0.3185840707964602 0.06930693069306931 0.048672566371681415 0.06930693069306931
2 0.8407079646017699 0.297029702970297 0.05752212389380531 0.07425742574257425
2 0.8584070796460177 0.12376237623762376 0.07079646017699115 0.07425742574257425
2 0.017699115044247787 0.7772277227722773 0.0752212389380531 0.07425742574257425
3 0.5176991150442478 0.5742574257425742 0.05752212389380531 0.07920792079207921
3 0.3185840707964602 0.4603960396039604 0.06637168141592921 0.054455445544554455
