0 0.35398230088495575 0.04455445544554455 0.084070796460177 0.0891089108910891
0 0.33185840707964603 0.2524752475247525 0.07964601769911504 0.06435643564356436
0 0.584070796460177 0.17326732673267325 0.0752212389380531 0.0594059405940594
0 0.23893805309734514 0.693069306930693 0.07964601769911504 0.09405940594059406
0 0.7699115044247787 0.7326732673267327 0.084070796460177 0.0891089108910891
1 0.12831858407079647 0.1782178217821782 0.084070796460177 0.07920792079207921
1 0.23008849557522124 0.6435643564356436 0.0752212389380531 0.07425742574257425
1 0.3185840707964602 0.7128712871287128 0.07079646017699115 0.07920792079207921
1 0.23008849557522124 0.6584158415841584 0.0752212389380531 0.054455445544554455
1 0.3141592920353982 0.4603960396039604 0.07079646017699115 0.06930693069306931
