0 0.18584070796460178 0.35148514851485146 0.07079646017699115 0.08415841584158416
0 0.14601769911504425 0.3564356435643564 0.07079646017699115 0.07920792079207921
0 0.3407079646017699 0.09405940594059406 0.07079646017699115 0.09405940594059406
0 0.7168141592920354 0.6633663366336634 0.061946902654867256 0.07920792079207921
0 0.27876106194690264 0.7425742574257426 0.0752212389380531 0.08415841584158416
1 0.06637168141592921 0.039603960396039604 0.07964601769911504 0.08415841584158416
1 0.5973451327433629 0.22277227722772278 0.06637168141592921 0.09405940594059406
3 0.8230088495575221 0.4306930693069307 0.05752212389380531 0.0891089108910891
3 0.12389380530973451 0.4801980198019802 0.03982300884955752 0.054455445544554455
3 0.3008849557522124 0.5643564356435643 0.05752212389380531 0.0594059405940594
