0 0.6991150442477876 0.30198019801980197 0.06637168141592921 0.07425742574257425
0 0.8849557522123894 0.6089108910891089 0.0752212389380531 0.06930693069306931
0 0.5398230088495575 0.5247524752475248 0.061946902654867256 0.08415841584158416
0 0.8539823008849557 0.7079207920792079 0.05309734513274336 0.07425742574257425
1 0.5663716814159292 0.5792079207920792 0.06637168141592921 0.08415841584158416
1 0.0 0.801980198019802 0.07079646017699115 0.08415841584158416
2 0.6637168141592921 0.22277227722772278 0.05309734513274336 0.07425742574257425
3 0.36283185840707965 0.6287128712871287 0.06637168141592921 0.054455445544554455
3 0.07964601769911504 0.12871287128712872 0.061946902654867256 0.07425742574257425
3 0.415929203539823 0.7128712871287128 0.061946902654867256 0.054455445544554455
