0 0.336283185840708 0.37623762376237624 0.07079646017699115 0.08415841584158416
1 0.2168141592920354 0.04455445544554455 0.07964601769911504 0.0891089108910891
1 0.02654867256637168 0.5594059405940595 0.07964601769911504 0.07920792079207921
2 0.17699115044247787 0.24752475247524752 0.06637168141592921 0.07920792079207921
2 0.3495575221238938 0.44554455445544555 0.048672566371681415 0.0594059405940594
2 0.1592920353982301 0.3217821782178218 0.0752212389380531 0.0594059405940594
2 0.2079646017699115 0.04950495049504951 0.0752212389380531 0.06435643564356436
3 0.7300884955752213 0.2524752475247525 0.05309734513274336 0.0891089108910891
3 0.14601769911504425 0.43564356435643564 0.084070796460177 0.0594059405940594
3 0.8362831858407079 0.28217821782178215 0.05309734513274336 0.06435643564356436
