1 0.45132743362831856 0.49504950495049505 0.06637168141592921 0.07425742574257425
1 0.5309734513274337 0.8366336633663366 0.084070796460177 0.07920792079207921
1 0.7743362831858407 0.33663366336633666 0.05752212389380531 0.04950495049504951
1 0.5663716814159292 0.806930693069307 0.05309734513274336 0.09900990099009901
2 0.4026548672566372 0.5643564356435643 0.04424778761061947 0.07920792079207921
2 0.09734513274336283 0.3613861386138614 0.07079646017699115 0.054455445544554455
2 0.5486725663716814 0.18811881188118812 0.05309734513274336 0.054455445544554455
2 0.004424778761061947 0.16336633663366337 0.06637168141592921 0.07425742574257425
2 0.5973451327433629 0.8762376237623762 0.05752212389380531 0.054455445544554455
3 0.5221238938053098 0.2871287128712871 0.06637168141592921 0.07425742574257425
