1 0.6460176991150443 0.7079207920792079 0.07079646017699115 0.08415841584158416
1 0.19469026548672566 0.18316831683168316 0.07964601769911504 0.08415841584158416
1 0.831858407079646 0.024752475247524754 0.08849557522123894 0.07920792079207921
1 0.28761061946902655 0.07920792079207921 0.061946902654867256 0.06930693069306931
2 0.168141592920354 0.30198019801980197 0.061946902654867256 0.07425742574257425
2 0.24778761061946902 0.12871287128712872 0.05309734513274336 0.07425742574257425
2 0.5398230088495575 0.5346534653465347 0.061946902654867256 0.0594059405940594
2 0.6415929203539823 0.7227722772277227 0.07079646017699115 0.07920792079207921
2 0.37610619469026546 0.15346534653465346 0.07964601769911504 0.08415841584158416
3 0.672566371681416 0.0 0.06637168141592921 0.06930693069306931
