0 0.415929203539823 0.5099009900990099 0.07079646017699115 0.09405940594059406
0 0.26548672566371684 0.4900990099009901 0.07964601769911504 0.08415841584158416
0 0.33185840707964603 0.15346534653465346 0.0752212389380531 0.07920792079207921
0 0.5929203539823009 0.504950495049505 0.048672566371681415 0.06435643564356436
0 0.7743362831858407 0.18316831683168316 0.07079646017699115 0.07920792079207921
1 0.2831858407079646 0.10396039603960396 0.061946902654867256 0.06435643564356436
3 0.6637168141592921 0.8415841584158416 0.05752212389380531 0.09405940594059406
3 0.252212389380531 0.5396039603960396 0.035398230088495575 0.039603960396039604
3 0.11061946902654868 0.4405940594059406 0.06637168141592921 0.07425742574257425
3 0.2831858407079646 0.43564356435643564 0.04424778761061947 0.04950495049504951
