0 0.4424778761061947 0.0297029702970297 0.07079646017699115 0.07425742574257425
0 0.5796460176991151 0.0297029702970297 0.0752212389380531 0.07920792079207921
0 0.0 0.0 0.084070796460177 0.08415841584158416
0 0.27876106194690264 0.14356435643564355 0.07079646017699115 0.07425742574257425
2 0.6902654867256637 0.23267326732673269 0.048672566371681415 0.0594059405940594
3 0.3584070796460177 0.6534653465346535 0.061946902654867256 0.06435643564356436
3 0.5088495575221239 0.19306930693069307 0.0752212389380531 0.07920792079207921
3 0.7123893805309734 0.3613861386138614 0.05752212389380531 0.0891089108910891
3 0.5486725663716814 0.034653465346534656 0.07079646017699115 0.08415841584158416
3 0.6017699115044248 0.20297029702970298 0.05752212389380531 0.07920792079207921
4 0.19469026548672566 0.18811881188118812 0.061946902654867256 0.06930693069306931
