1 0.3938053097345133 0.37623762376237624 0.084070796460177 0.06930693069306931
1 0.26991150442477874 0.0049504950495049506 0.07964601769911504 0.0891089108910891
1 0.584070796460177 0.01485148514851485 0.0752212389380531 0.0891089108910891
1 0.008849557522123894 0.04950495049504951 0.05752212389380531 0.0891089108910891
2 0.2743362831858407 0.5396039603960396 0.06637168141592921 0.07920792079207921
2 0.5132743362831859 0.297029702970297 0.07079646017699115 0.08415841584158416
2 0.13716814159292035 0.693069306930693 0.07079646017699115 0.07425742574257425
2 0.3141592920353982 0.8811881188118812 0.05752212389380531 0.0594059405940594
2 0.6283185840707964 0.15841584158415842 0.061946902654867256 0.08415841584158416
3 0.7787610619469026 0.2623762376237624 0.07079646017699115 0.054455445544554455
4 0.19911504424778761 0.7425742574257426 0.07964601769911504 0.08415841584158416
