0 0.14601769911504425 0.31683168316831684 0.06637168141592921 0.08415841584158416
1 0.2345132743362832 0.8168316831683168 0.08849557522123894 0.07920792079207921
1 0.022123893805309734 0.5445544554455446 0.07079646017699115 0.0891089108910891
1 0.6327433628318584 0.5693069306930693 0.07079646017699115 0.06930693069306931
1 0.8097345132743363 0.8663366336633663 0.061946902654867256 0.07920792079207921
1 0.8761061946902655 0.07920792079207921 0.0752212389380531 0.0594059405940594
2 0.1504424778761062 0.5792079207920792 0.05752212389380531 0.08415841584158416
2 0.3805309734513274 0.22772277227722773 0.061946902654867256 0.07425742574257425
2 0.3584070796460177 0.08415841584158416 0.061946902654867256 0.06930693069306931
2 0.5575221238938053 0.019801980198019802 0.061946902654867256 0.0594059405940594
