0 0.8230088495575221 0.5891089108910891 0.06637168141592921 0.0891089108910891
2 0.34513274336283184 0.1485148514851485 0.035398230088495575 0.06435643564356436
2 0.5176991150442478 0.31683168316831684 0.02654867256637168 0.07920792079207921
2 0.3407079646017699 0.054455445544554455 0.07964601769911504 0.09405940594059406
2 0.7123893805309734 0.1188118811881188 0.061946902654867256 0.06435643564356436
3 0.8097345132743363 0.16336633663366337 0.0752212389380531 0.06435643564356436
3 0.46017699115044247 0.7227722772277227 0.07079646017699115 0.0594059405940594
3 0.5265486725663717 0.0594059405940594 0.04424778761061947 0.07425742574257425
3 0.5796460176991151 0.23267326732673269 0.03982300884955752 0.04950495049504951
3 0.38495575221238937 0.1782178217821782 0.05752212389380531 0.06930693069306931
4 0.11061946902654868 0.6534653465346535 0.06637168141592921 0.07425742574257425
