0 0.8053097345132744 0.5148514851485149 0.06637168141592921 0.06930693069306931
0 0.6194690265486725 0.15346534653465346 0.07079646017699115 0.09405940594059406
0 0.6150442477876106 0.693069306930693 0.07964601769911504 0.07920792079207921
0 0.9070796460176991 0.5 0.0752212389380531 0.0891089108910891
1 0.7168141592920354 0.5396039603960396 0.05752212389380531 0.06930693069306931
1 0.46017699115044247 0.01485148514851485 0.061946902654867256 0.06930693069306931
1 0.5929203539823009 0.32673267326732675 0.061946902654867256 0.07425742574257425
1 0.4424778761061947 0.15841584158415842 0.06637168141592921 0.07425742574257425
2 0.3230088495575221 0.29207920792079206 0.05309734513274336 0.06930693069306931
3 0.24778761061946902 0.5693069306930693 0.07964601769911504 0.06435643564356436
4 0.504424778761062 0.5148514851485149 0.07964601769911504 0.07425742574257425
