0 0.6902654867256637 0.8910891089108911 0.0752212389380531 0.09405940594059406
0 0.21238938053097345 0.8762376237623762 0.07079646017699115 0.07920792079207921
0 0.3893805309734513 0.0049504950495049506 0.061946902654867256 0.06930693069306931
0 0.827433628318584 0.01485148514851485 0.084070796460177 0.09405940594059406
0 0.7964601769911505 0.7920792079207921 0.07079646017699115 0.08415841584158416
1 0.37168141592920356 0.09900990099009901 0.07079646017699115 0.07920792079207921
1 0.07079646017699115 0.4405940594059406 0.09292035398230089 0.07425742574257425
3 0.25663716814159293 0.5148514851485149 0.07964601769911504 0.06435643564356436
3 0.8761061946902655 0.698019801980198 0.07079646017699115 0.0594059405940594
3 0.588495575221239 0.297029702970297 0.061946902654867256 0.08415841584158416
