0 0.5486725663716814 0.7425742574257426 0.08849557522123894 0.09900990099009901
0 0.8849557522123894 0.4207920792079208 0.06637168141592921 0.07920792079207921
2 0.5486725663716814 0.5792079207920792 0.084070796460177 0.09405940594059406
2 0.26991150442477874 0.8910891089108911 0.0752212389380531 0.0594059405940594
2 0.35398230088495575 0.23267326732673269 0.07079646017699115 0.08415841584158416
3 0.061946902654867256 0.0049504950495049506 0.061946902654867256 0.04950495049504951
3 0.6769911504424779 0.4752475247524752 0.07964601769911504 0.09405940594059406
3 0.8495575221238938 0.28217821782178215 0.07964601769911504 0.07425742574257425
3 0.01327433628318584 0.7871287128712872 0.048672566371681415 0.04455445544554455
3 0.07964601769911504 0.3712871287128713 0.05309734513274336 0.06930693069306931
