0 0.5221238938053098 0.13366336633663367 0.07964601769911504 0.06930693069306931
0 0.06637168141592921 0.0594059405940594 0.07079646017699115 0.07920792079207921
0 0.030973451327433628 0.5495049504950495 0.0752212389380531 0.10891089108910891
0 0.6769911504424779 0.47029702970297027 0.07964601769911504 0.06930693069306931
0 0.07079646017699115 0.5693069306930693 0.07079646017699115 0.0891089108910891
1 0.7699115044247787 0.32673267326732675 0.061946902654867256 0.08415841584158416
3 0.21238938053097345 0.21782178217821782 0.05752212389380531 0.06435643564356436
3 0.8893805309734514 0.09405940594059406 0.048672566371681415 0.0891089108910891
3 0.2345132743362832 0.15841584158415842 0.07964601769911504 0.06930693069306931
3 0.9336283185840708 0.5495049504950495 0.048672566371681415 0.06435643564356436
