0 0.022123893805309734 0.8564356435643564 0.084070796460177 0.07425742574257425
0 0.41150442477876104 0.8762376237623762 0.084070796460177 0.0891089108910891
0 0.8628318584070797 0.5445544554455446 0.07079646017699115 0.07920792079207921
0 0.7699115044247787 0.09900990099009901 0.0752212389380531 0.0891089108910891
0 0.668141592920354 0.7821782178217822 0.08849557522123894 0.0891089108910891
1 0.42920353982300885 0.6386138613861386 0.0752212389380531 0.08415841584158416
1 0.09734513274336283 0.26732673267326734 0.09292035398230089 0.09405940594059406
1 0.1504424778761062 0.13861386138613863 0.084070796460177 0.06930693069306931
1 0.6637168141592921 0.5693069306930693 0.084070796460177 0.09405940594059406
3 0.6637168141592921 0.6683168316831684 0.0752212389380531 0.054455445544554455
