0 0.3141592920353982 0.5742574257425742 0.07964601769911504 0.07920792079207921
0 0.8893805309734514 0.16336633663366337 0.0752212389380531 0.09405940594059406
0 0.38495575221238937 0.06930693069306931 0.07964601769911504 0.09900990099009901
0 0.6415929203539823 0.41089108910891087 0.09292035398230089 0.07425742574257425
1 0.008849557522123894 0.0297029702970297 0.061946902654867256 0.07920792079207921
1 0.017699115044247787 0.0891089108910891 0.0752212389380531 0.06930693069306931
1 0.08849557522123894 0.5643564356435643 0.05752212389380531 0.04950495049504951
2 0.5309734513274337 0.4405940594059406 0.07079646017699115 0.07920792079207921
3 0.11061946902654868 0.8316831683168316 0.07964601769911504 0.07920792079207921
3 0.048672566371681415 0.693069306930693 0.0752212389380531 0.0594059405940594
4 0.10619469026548672 0.6534653465346535 0.06637168141592921 0.07920792079207921
