0 0.1902654867256637 0.25742574257425743 0.08849557522123894 0.09405940594059406
0 0.915929203539823 0.49504950495049505 0.05309734513274336 0.04950495049504951
0 0.911504424778761 0.7821782178217822 0.07964601769911504 0.07920792079207921
1 0.3185840707964602 0.15346534653465346 0.06637168141592921 0.0891089108910891
1 0.8584070796460177 0.2722772277227723 0.061946902654867256 0.0891089108910891
2 0.28761061946902655 0.46534653465346537 0.07079646017699115 0.07425742574257425
2 0.14601769911504425 0.3564356435643564 0.07964601769911504 0.06930693069306931
3 0.168141592920354 0.5594059405940595 0.05309734513274336 0.04455445544554455
3 0.6769911504424779 0.23267326732673269 0.05309734513274336 0.06435643564356436
3 0.07964601769911504 0.5 0.07964601769911504 0.08415841584158416
4 0.8230088495575221 0.09900990099009901 0.07079646017699115 0.07425742574257425
