0 0.46017699115044247 0.7425742574257426 0.07964601769911504 0.07425742574257425
0 0.4911504424778761 0.2376237623762376 0.07079646017699115 0.07920792079207921
0 0.5398230088495575 0.599009900990099 0.07964601769911504 0.08415841584158416
0 0.1415929203539823 0.06435643564356436 0.084070796460177 0.0891089108910891
1 0.017699115044247787 0.905940594059406 0.061946902654867256 0.08415841584158416
1 0.3407079646017699 0.12871287128712872 0.07079646017699115 0.07425742574257425
1 0.16371681415929204 0.6386138613861386 0.0752212389380531 0.06930693069306931
1 0.2743362831858407 0.2623762376237624 0.084070796460177 0.07425742574257425
1 0.49557522123893805 0.698019801980198 0.07079646017699115 0.06435643564356436
2 0.827433628318584 0.6782178217821783 0.06637168141592921 0.0891089108910891
