2 0.17699115044247787 0.44554455445544555 0.07079646017699115 0.07425742574257425
2 0.8008849557522124 0.24752475247524752 0.05309734513274336 0.0594059405940594
2 0.5619469026548672 0.3712871287128713 0.07964601769911504 0.07920792079207921
2 0.05309734513274336 0.8514851485148515 0.05752212389380531 0.06435643564356436
2 0.3938053097345133 0.08415841584158416 0.06637168141592921 0.06930693069306931
3 0.2345132743362832 0.3415841584158416 0.05309734513274336 0.06435643564356436
3 0.8849557522123894 0.8267326732673267 0.05309734513274336 0.06435643564356436
3 0.004424778761061947 0.009900990099009901 0.061946902654867256 0.09405940594059406
3 0.3805309734513274 0.3465346534653465 0.061946902654867256 0.0594059405940594
3 0.13716814159292035 0.8267326732673267 0.06637168141592921 0.06435643564356436
