0 0.6769911504424779 0.8514851485148515 0.07079646017699115 0.06930693069306931
1 0.28761061946902655 0.15841584158415842 0.06637168141592921 0.08415841584158416
2 0.7787610619469026 0.8712871287128713 0.07964601769911504 0.09405940594059406
2 0.7566371681415929 0.33663366336633666 0.06637168141592921 0.06435643564356436
2 0.42920353982300885 0.8663366336633663 0.05309734513274336 0.06930693069306931
2 0.45132743362831856 0.6584158415841584 0.07079646017699115 0.07425742574257425
3 0.084070796460177 0.37623762376237624 0.05309734513274336 0.07920792079207921
3 0.14601769911504425 0.4504950495049505 0.05752212389380531 0.06435643564356436
3 0.04424778761061947 0.6386138613861386 0.061946902654867256 0.07425742574257425
3 0.7876106194690266 0.7277227722772277 0.048672566371681415 0.0594059405940594
4 0.11504424778761062 0.8267326732673267 0.05752212389380531 0.06930693069306931
