2 0.48672566371681414 0.6485148514851485 0.06637168141592921 0.07920792079207921
2 0.827433628318584 0.8762376237623762 0.061946902654867256 0.0594059405940594
2 0.25663716814159293 0.5198019801980198 0.07964601769911504 0.054455445544554455
2 0.4336283185840708 0.2079207920792079 0.061946902654867256 0.08415841584158416
2 0.18584070796460178 0.5247524752475248 0.07079646017699115 0.054455445544554455
3 0.10176991150442478 0.7029702970297029 0.048672566371681415 0.06435643564356436
3 0.8451327433628318 0.8514851485148515 0.07964601769911504 0.04950495049504951
3 0.4778761061946903 0.29207920792079206 0.05309734513274336 0.0594059405940594
3 0.09292035398230089 0.23267326732673269 0.0752212389380531 0.04950495049504951
3 0.336283185840708 0.23267326732673269 0.07964601769911504 0.08415841584158416
4 0.6814159292035398 0.46534653465346537 0.06637168141592921 0.054455445544554455
