0 0.7256637168141593 0.3465346534653465 0.08849557522123894 0.0891089108910891
1 0.4557522123893805 0.17326732673267325 0.0752212389380531 0.06435643564356436
1 0.01327433628318584 0.8762376237623762 0.09292035398230089 0.09900990099009901
2 0.6592920353982301 0.23267326732673269 0.07079646017699115 0.06435643564356436
2 0.030973451327433628 0.19801980198019803 0.06637168141592921 0.06435643564356436
2 0.18584070796460178 0.6039603960396039 0.05752212389380531 0.06435643564356436
2 0.17699115044247787 0.46534653465346537 0.06637168141592921 0.06930693069306931
3 0.5929203539823009 0.5198019801980198 0.061946902654867256 0.0891089108910891
3 0.9070796460176991 0.4306930693069307 0.07079646017699115 0.06930693069306931
3 0.41150442477876104 0.024752475247524754 0.0752212389380531 0.0891089108910891
