0 0.11061946902654868 0.2871287128712871 0.0752212389380531 0.0891089108910891
0 0.4557522123893805 0.5148514851485149 0.07079646017699115 0.06930693069306931
0 0.26548672566371684 0.06930693069306931 0.0752212389380531 0.07425742574257425
0 0.30973451327433627 0.1188118811881188 0.084070796460177 0.09405940594059406
0 0.23893805309734514 0.3712871287128713 0.084070796460177 0.08415841584158416
1 0.7212389380530974 0.7376237623762376 0.05752212389380531 0.0891089108910891
1 0.07079646017699115 0.3613861386138614 0.07079646017699115 0.07920792079207921
1 0.3407079646017699 0.5742574257425742 0.0752212389380531 0.0891089108910891
3 0.07964601769911504 0.6534653465346535 0.07079646017699115 0.0594059405940594
3 0.4026548672566372 0.6386138613861386 0.05752212389380531 0.06930693069306931
