0 0.6327433628318584 0.7326732673267327 0.084070796460177 0.10396039603960396
2 0.3053097345132743 0.8910891089108911 0.0752212389380531 0.0594059405940594
2 0.5530973451327433 0.8118811881188119 0.061946902654867256 0.054455445544554455
2 0.336283185840708 0.5891089108910891 0.05309734513274336 0.06435643564356436
2 0.4646017699115044 0.6039603960396039 0.06637168141592921 0.06930693069306931
3 0.35398230088495575 0.29207920792079206 0.048672566371681415 0.0594059405940594
3 0.23008849557522124 0.30198019801980197 0.05309734513274336 0.06930693069306931
3 0.7035398230088495 0.3118811881188119 0.03982300884955752 0.039603960396039604
3 0.35398230088495575 0.8168316831683168 0.05309734513274336 0.0594059405940594
3 0.6592920353982301 0.4207920792079208 0.05309734513274336 0.07920792079207921
4 0.6238938053097345 0.054455445544554455 0.06637168141592921 0.07425742574257425
