0 0.3893805309734513 0.39603960396039606 0.084070796460177 0.0891089108910891
0 0.8584070796460177 0.7029702970297029 0.061946902654867256 0.0594059405940594
0 0.8407079646017699 0.28217821782178215 0.061946902654867256 0.07425742574257425
0 0.42920353982300885 0.297029702970297 0.05752212389380531 0.08415841584158416
1 0.6415929203539823 0.4752475247524752 0.06637168141592921 0.06435643564356436
1 0.8584070796460177 0.30198019801980197 0.07964601769911504 0.09900990099009901
2 0.37168141592920356 0.21287128712871287 0.04424778761061947 0.06930693069306931
3 0.9070796460176991 0.6435643564356436 0.084070796460177 0.054455445544554455
3 0.6061946902654868 0.034653465346534656 0.05309734513274336 0.0594059405940594
3 0.27876106194690264 0.594059405940594 0.04424778761061947 0.04455445544554455
4 0.19469026548672566 0.6188118811881188 0.0752212389380531 0.07425742574257425
