0 0.43805309734513276 0.6138613861386139 0.09734513274336283 0.07425742574257425
1 0.7654867256637168 0.15346534653465346 0.084070796460177 0.06930693069306931
1 0.8584070796460177 0.5198019801980198 0.084070796460177 0.06930693069306931
1 0.2610619469026549 0.7376237623762376 0.05752212389380531 0.0594059405940594
1 0.08849557522123894 0.49504950495049505 0.07079646017699115 0.06930693069306931
1 0.7212389380530974 0.7326732673267327 0.084070796460177 0.07920792079207921
2 0.5176991150442478 0.6881188118811881 0.04424778761061947 0.06930693069306931
2 0.8672566371681416 0.16336633663366337 0.05309734513274336 0.0594059405940594
2 0.19911504424778761 0.905940594059406 0.061946902654867256 0.07920792079207921
2 0.7522123893805309 0.693069306930693 0.06637168141592921 0.07920792079207921
4 0.6150442477876106 0.297029702970297 0.07079646017699115 0.08415841584158416
