1 0.3230088495575221 0.10396039603960396 0.084070796460177 0.07920792079207921
2 0.43805309734513276 0.7227722772277227 0.05752212389380531 0.06435643564356436
2 0.5 0.599009900990099 0.05752212389380531 0.07920792079207921
2 0.22123893805309736 0.7821782178217822 0.048672566371681415 0.07425742574257425
2 0.7477876106194691 0.6782178217821783 0.05752212389380531 0.07920792079207921
2 0.3407079646017699 0.6633663366336634 0.048672566371681415 0.0594059405940594
3 0.27876106194690264 0.4603960396039604 0.07079646017699115 0.04950495049504951
3 0.7477876106194691 0.8267326732673267 0.061946902654867256 0.06930693069306931
3 0.18141592920353983 0.8910891089108911 0.048672566371681415 0.06930693069306931
3 0.7433628318584071 0.7970297029702971 0.06637168141592921 0.054455445544554455
4 0.7123893805309734 0.01485148514851485 0.06637168141592921 0.054455445544554455
