0 0.5973451327433629 0.08415841584158416 0.0752212389380531 0.07425742574257425
0 0.7566371681415929 0.8663366336633663 0.06637168141592921 0.0891089108910891
0 0.7345132743362832 0.6831683168316832 0.07079646017699115 0.0891089108910891
0 0.7389380530973452 0.19306930693069307 0.0752212389380531 0.09900990099009901
1 0.4911504424778761 0.7623762376237624 0.061946902654867256 0.06930693069306931
1 0.13274336283185842 0.24257425742574257 0.09292035398230089 0.09900990099009901
1 0.10176991150442478 0.6683168316831684 0.06637168141592921 0.09405940594059406
1 0.4247787610619469 0.7376237623762376 0.07079646017699115 0.054455445544554455
1 0.252212389380531 0.6386138613861386 0.07964601769911504 0.06435643564356436
2 0.008849557522123894 0.5891089108910891 0.05752212389380531 0.07920792079207921
4 0.7876106194690266 0.0594059405940594 0.05309734513274336 0.06435643564356436
