0 0.13274336283185842 0.5742574257425742 0.07079646017699115 0.06435643564356436
1 0.18584070796460178 0.7772277227722773 0.05752212389380531 0.0891089108910891
2 0.4823008849557522 0.31683168316831684 0.05752212389380531 0.06930693069306931
2 0.7743362831858407 0.3465346534653465 0.061946902654867256 0.07425742574257425
2 0.4690265486725664 0.5445544554455446 0.07079646017699115 0.07425742574257425
2 0.13274336283185842 0.12871287128712872 0.0752212389380531 0.07425742574257425
3 0.26991150442477874 0.8415841584158416 0.061946902654867256 0.06435643564356436
3 0.5309734513274337 0.5841584158415841 0.05309734513274336 0.06435643564356436
3 0.02654867256637168 0.8415841584158416 0.07079646017699115 0.04950495049504951
3 0.6637168141592921 0.7871287128712872 0.061946902654867256 0.0594059405940594
