0 0.6548672566371682 0.12871287128712872 0.07079646017699115 0.10396039603960396
0 0.11946902654867257 0.46534653465346537 0.07079646017699115 0.09405940594059406
1 0.8539823008849557 0.5594059405940595 0.05752212389380531 0.0594059405940594
1 0.1504424778761062 0.4158415841584158 0.05752212389380531 0.09900990099009901
2 0.12389380530973451 0.3069306930693069 0.0752212389380531 0.0594059405940594
2 0.39823008849557523 0.599009900990099 0.06637168141592921 0.06930693069306931
2 0.7964601769911505 0.1782178217821782 0.0752212389380531 0.07920792079207921
3 0.49557522123893805 0.6138613861386139 0.05752212389380531 0.06435643564356436
3 0.7699115044247787 0.9108910891089109 0.05752212389380531 0.07920792079207921
3 0.48672566371681414 0.6782178217821783 0.05752212389380531 0.07425742574257425
