0 0.8938053097345132 0.7574257425742574 0.10176991150442478 0.09900990099009901
0 0.6106194690265486 0.16831683168316833 0.07964601769911504 0.06435643564356436
0 0.11946902654867257 0.905940594059406 0.0752212389380531 0.07425742574257425
1 0.6061946902654868 0.6386138613861386 0.07964601769911504 0.06435643564356436
1 0.18141592920353983 0.6435643564356436 0.0752212389380531 0.0891089108910891
1 0.6283185840707964 0.2871287128712871 0.09734513274336283 0.10396039603960396
1 0.48672566371681414 0.2524752475247525 0.05752212389380531 0.06435643564356436
1 0.46017699115044247 0.10891089108910891 0.07964601769911504 0.0594059405940594
2 0.022123893805309734 0.8613861386138614 0.0752212389380531 0.08415841584158416
2 0.2610619469026549 0.32673267326732675 0.05752212389380531 0.07920792079207921
