2 0.8584070796460177 0.1188118811881188 0.0752212389380531 0.07425742574257425
2 0.8849557522123894 0.8910891089108911 0.07079646017699115 0.06435643564356436
2 0.07079646017699115 0.47029702970297027 0.048672566371681415 0.06930693069306931
2 0.8849557522123894 0.009900990099009901 0.07079646017699115 0.07920792079207921
2 0.3407079646017699 0.0594059405940594 0.030973451327433628 0.08415841584158416
3 0.5221238938053098 0.8465346534653465 0.061946902654867256 0.07425742574257425
3 0.5752212389380531 0.46534653465346537 0.07964601769911504 0.06435643564356436
3 0.29646017699115046 0.3415841584158416 0.04424778761061947 0.06435643564356436
3 0.6902654867256637 0.5247524752475248 0.061946902654867256 0.07920792079207921
3 0.6814159292035398 0.12376237623762376 0.035398230088495575 0.06435643564356436
4 0.19469026548672566 0.7079207920792079 0.06637168141592921 0.06930693069306931
