0 0.09734513274336283 0.5445544554455446 0.061946902654867256 0.07425742574257425
0 0.42920353982300885 0.5891089108910891 0.061946902654867256 0.07920792079207921
0 0.1504424778761062 0.4603960396039604 0.09292035398230089 0.0891089108910891
0 0.02654867256637168 0.5792079207920792 0.05309734513274336 0.06930693069306931
0 0.11946902654867257 0.5792079207920792 0.061946902654867256 0.08415841584158416
1 0.6460176991150443 0.5693069306930693 0.06637168141592921 0.10396039603960396
3 0.5929203539823009 0.1485148514851485 0.05752212389380531 0.07425742574257425
3 0.3053097345132743 0.054455445544554455 0.06637168141592921 0.06435643564356436
3 0.26991150442477874 0.8811881188118812 0.06637168141592921 0.06930693069306931
3 0.13716814159292035 0.09405940594059406 0.084070796460177 0.06930693069306931
