1 0.8761061946902655 0.4504950495049505 0.07079646017699115 0.0891089108910891
2 0.4247787610619469 0.5148514851485149 0.0752212389380531 0.07425742574257425
2 0.04424778761061947 0.5643564356435643 0.07079646017699115 0.06930693069306931
2 0.7699115044247787 0.7326732673267327 0.07079646017699115 0.054455445544554455
2 0.7964601769911505 0.48514851485148514 0.06637168141592921 0.06930693069306931
2 0.13274336283185842 0.26732673267326734 0.0752212389380531 0.0594059405940594
3 0.4469026548672566 0.297029702970297 0.03982300884955752 0.06930693069306931
3 0.09292035398230089 0.0297029702970297 0.05309734513274336 0.04950495049504951
3 0.5752212389380531 0.8564356435643564 0.06637168141592921 0.0594059405940594
3 0.5398230088495575 0.3069306930693069 0.048672566371681415 0.0594059405940594
4 0.5486725663716814 0.8861386138613861 0.061946902654867256 0.0891089108910891
