1 0.10619469026548672 0.801980198019802 0.05309734513274336 0.06435643564356436
2 0.28761061946902655 0.19306930693069307 0.0752212389380531 0.07425742574257425
2 0.8761061946902655 0.6237623762376238 0.061946902654867256 0.07920792079207921
2 0.6814159292035398 0.6336633663366337 0.06637168141592921 0.0891089108910891
2 0.7433628318584071 0.7574257425742574 0.048672566371681415 0.06930693069306931
2 0.6017699115044248 0.6039603960396039 0.07964601769911504 0.06930693069306931
3 0.168141592920354 0.054455445544554455 0.05309734513274336 0.0594059405940594
3 0.42920353982300885 0.6831683168316832 0.05752212389380531 0.04950495049504951
3 0.9203539823008849 0.04455445544554455 0.03982300884955752 0.054455445544554455
3 0.6991150442477876 0.8415841584158416 0.084070796460177 0.0594059405940594
