0 0.4424778761061947 0.12376237623762376 0.07964601769911504 0.10396039603960396
0 0.38495575221238937 0.4801980198019802 0.0752212389380531 0.07920792079207921
1 0.7212389380530974 0.8762376237623762 0.07079646017699115 0.06930693069306931
1 0.3141592920353982 0.5445544554455446 0.0752212389380531 0.07920792079207921
1 0.18584070796460178 0.19306930693069307 0.07079646017699115 0.08415841584158416
2 0.20353982300884957 0.6386138613861386 0.05752212389380531 0.06930693069306931
2 0.03982300884955752 0.009900990099009901 0.06637168141592921 0.07425742574257425
2 0.7831858407079646 0.3118811881188119 0.061946902654867256 0.06930693069306931
3 0.40707964601769914 0.1782178217821782 0.05752212389380531 0.09405940594059406
3 0.6106194690265486 0.06435643564356436 0.07964601769911504 0.04950495049504951
4 0.39823008849557523 0.8564356435643564 0.07964601769911504 0.07425742574257425
