0 0.45132743362831856 0.8118811881188119 0.07079646017699115 0.06930693069306931
0 0.34513274336283184 0.08415841584158416 0.07079646017699115 0.054455445544554455
0 0.4778761061946903 0.21287128712871287 0.084070796460177 0.08415841584158416
0 0.7079646017699115 0.20297029702970298 0.08849557522123894 0.08415841584158416
0 0.8362831858407079 0.0297029702970297 0.084070796460177 0.06435643564356436
3 0.6991150442477876 0.6237623762376238 0.0752212389380531 0.08415841584158416
3 0.4646017699115044 0.5099009900990099 0.061946902654867256 0.06435643564356436
3 0.9292035398230089 0.8663366336633663 0.04424778761061947 0.0594059405940594
3 0.2743362831858407 0.8564356435643564 0.048672566371681415 0.0891089108910891
3 0.4424778761061947 0.7623762376237624 0.05752212389380531 0.07425742574257425
4 0.42035398230088494 0.4504950495049505 0.084070796460177 0.06435643564356436
