0 0.4823008849557522 0.0297029702970297 0.0752212389380531 0.07425742574257425
0 0.19469026548672566 0.38613861386138615 0.061946902654867256 0.06435643564356436
0 0.5309734513274337 0.5445544554455446 0.0752212389380531 0.0891089108910891
2 0.3495575221238938 0.4207920792079208 0.030973451327433628 0.08415841584158416
2 0.5663716814159292 0.034653465346534656 0.061946902654867256 0.07425742574257425
3 0.8672566371681416 0.2722772277227723 0.04424778761061947 0.06930693069306931
3 0.23008849557522124 0.8366336633663366 0.048672566371681415 0.07425742574257425
3 0.7787610619469026 0.35148514851485146 0.05309734513274336 0.054455445544554455
3 0.25663716814159293 0.7920792079207921 0.06637168141592921 0.06930693069306931
3 0.45132743362831856 0.8910891089108911 0.07079646017699115 0.08415841584158416
