0 0.4424778761061947 0.10396039603960396 0.06637168141592921 0.0891089108910891
0 0.6504424778761062 0.25742574257425743 0.07079646017699115 0.08415841584158416
0 0.27876106194690264 0.6435643564356436 0.084070796460177 0.07920792079207921
1 0.030973451327433628 0.400990099009901 0.07079646017699115 0.0594059405940594
1 0.8982300884955752 0.3811881188118812 0.061946902654867256 0.0594059405940594
2 0.4026548672566372 0.8514851485148515 0.061946902654867256 0.07920792079207921
2 0.19911504424778761 0.7772277227722773 0.07079646017699115 0.06930693069306931
3 0.1504424778761062 0.17326732673267325 0.07079646017699115 0.06930693069306931
3 0.6327433628318584 0.034653465346534656 0.0752212389380531 0.07920792079207921
3 0.672566371681416 0.7425742574257426 0.05752212389380531 0.07425742574257425
