0 0.0752212389380531 0.034653465346534656 0.06637168141592921 0.07425742574257425
0 0.11061946902654868 0.45544554455445546 0.08849557522123894 0.07920792079207921
0 0.1902654867256637 0.7475247524752475 0.07079646017699115 0.09900990099009901
0 0.34513274336283184 0.594059405940594 0.06637168141592921 0.06930693069306931
2 0.5 0.2376237623762376 0.06637168141592921 0.06435643564356436
3 0.4026548672566372 0.07425742574257425 0.061946902654867256 0.07920792079207921
3 0.03982300884955752 0.16336633663366337 0.061946902654867256 0.06435643564356436
3 0.5309734513274337 0.806930693069307 0.07964601769911504 0.0891089108910891
3 0.3053097345132743 0.0891089108910891 0.048672566371681415 0.07425742574257425
3 0.46017699115044247 0.7425742574257426 0.05752212389380531 0.07920792079207921
