0 0.6946902654867256 0.019801980198019802 0.061946902654867256 0.0891089108910891
0 0.26548672566371684 0.8465346534653465 0.07079646017699115 0.09405940594059406
2 0.18141592920353983 0.1782178217821782 0.05752212389380531 0.07425742574257425
2 0.6637168141592921 0.2623762376237624 0.061946902654867256 0.0594059405940594
2 0.29646017699115046 0.6584158415841584 0.07964601769911504 0.08415841584158416
3 0.08849557522123894 0.45544554455445546 0.03982300884955752 0.04455445544554455
3 0.7699115044247787 0.16831683168316833 0.061946902654867256 0.04950495049504951
3 0.6946902654867256 0.6435643564356436 0.05752212389380531 0.07425742574257425
3 0.5973451327433629 0.26732673267326734 0.06637168141592921 0.06930693069306931
3 0.6769911504424779 0.13861386138613863 0.07079646017699115 0.06435643564356436
