2 0.7831858407079646 0.5594059405940595 0.0752212389380531 0.06930693069306931
2 0.6548672566371682 0.0297029702970297 0.06637168141592921 0.04950495049504951
2 0.915929203539823 0.905940594059406 0.05309734513274336 0.06435643564356436
2 0.2610619469026549 0.3069306930693069 0.0752212389380531 0.06930693069306931
2 0.37610619469026546 0.5099009900990099 0.06637168141592921 0.07920792079207921
3 0.7477876106194691 0.13861386138613863 0.05309734513274336 0.07920792079207921
3 0.8407079646017699 0.12376237623762376 0.04424778761061947 0.054455445544554455
3 0.16371681415929204 0.7970297029702971 0.06637168141592921 0.054455445544554455
3 0.2831858407079646 0.6584158415841584 0.04424778761061947 0.07425742574257425
3 0.6238938053097345 0.6287128712871287 0.06637168141592921 0.06930693069306931
