0 0.07079646017699115 0.7079207920792079 0.07079646017699115 0.09900990099009901
0 0.4911504424778761 0.24752475247524752 0.048672566371681415 0.07425742574257425
0 0.5973451327433629 0.8415841584158416 0.08849557522123894 0.09405940594059406
0 0.5575221238938053 0.0297029702970297 0.0752212389380531 0.06435643564356436
1 0.8893805309734514 0.297029702970297 0.07964601769911504 0.08415841584158416
1 0.2079646017699115 0.019801980198019802 0.0752212389380531 0.07920792079207921
1 0.6150442477876106 0.7128712871287128 0.061946902654867256 0.08415841584158416
2 0.2831858407079646 0.45544554455445546 0.061946902654867256 0.06435643564356436
3 0.5265486725663717 0.2524752475247525 0.0752212389380531 0.08415841584158416
3 0.584070796460177 0.1485148514851485 0.048672566371681415 0.04455445544554455
