0 0.21238938053097345 0.7524752475247525 0.09734513274336283 0.09900990099009901
0 0.24336283185840707 0.18316831683168316 0.061946902654867256 0.06435643564356436
0 0.7389380530973452 0.5 0.061946902654867256 0.08415841584158416
0 0.13716814159292035 0.6287128712871287 0.07964601769911504 0.10396039603960396
1 0.336283185840708 0.0297029702970297 0.07079646017699115 0.0891089108910891
1 0.3407079646017699 0.2623762376237624 0.07964601769911504 0.09405940594059406
1 0.2079646017699115 0.04455445544554455 0.07964601769911504 0.07425742574257425
1 0.08849557522123894 0.6831683168316832 0.06637168141592921 0.06930693069306931
2 0.7300884955752213 0.07425742574257425 0.06637168141592921 0.07920792079207921
3 0.14601769911504425 0.1485148514851485 0.0752212389380531 0.0891089108910891
4 0.336283185840708 0.6287128712871287 0.04424778761061947 0.07425742574257425
