1 0.38495575221238937 0.41089108910891087 0.06637168141592921 0.08415841584158416
1 0.3053097345132743 0.024752475247524754 0.06637168141592921 0.06930693069306931
1 0.8672566371681416 0.29207920792079206 0.05752212389380531 0.0891089108910891
1 0.5486725663716814 0.7920792079207921 0.06637168141592921 0.08415841584158416
1 0.41150442477876104 0.8910891089108911 0.061946902654867256 0.07920792079207921
2 0.05752212389380531 0.698019801980198 0.05752212389380531 0.06435643564356436
2 0.34513274336283184 0.5544554455445545 0.06637168141592921 0.054455445544554455
2 0.4247787610619469 0.6138613861386139 0.07079646017699115 0.054455445544554455
2 0.6371681415929203 0.1188118811881188 0.05752212389380531 0.04950495049504951
2 0.3008849557522124 0.32673267326732675 0.05309734513274336 0.06930693069306931
