1 0.7654867256637168 0.6039603960396039 0.084070796460177 0.08415841584158416
1 0.6283185840707964 0.7029702970297029 0.07079646017699115 0.0891089108910891
1 0.16371681415929204 0.26732673267326734 0.07964601769911504 0.06930693069306931
1 0.4026548672566372 0.40594059405940597 0.07079646017699115 0.08415841584158416
1 0.504424778761062 0.7574257425742574 0.06637168141592921 0.06435643564356436
2 0.6061946902654868 0.801980198019802 0.0752212389380531 0.07425742574257425
2 0.6017699115044248 0.4504950495049505 0.06637168141592921 0.07920792079207921
2 0.05752212389380531 0.1188118811881188 0.07079646017699115 0.07425742574257425
2 0.6858407079646017 0.8960396039603961 0.05309734513274336 0.06930693069306931
2 0.38495575221238937 0.1485148514851485 0.061946902654867256 0.08415841584158416
4 0.4247787610619469 0.9108910891089109 0.048672566371681415 0.054455445544554455
