0 0.8407079646017699 0.5841584158415841 0.07079646017699115 0.07920792079207921
0 0.6371681415929203 0.5346534653465347 0.08849557522123894 0.09900990099009901
1 0.41150442477876104 0.7475247524752475 0.07079646017699115 0.09405940594059406
1 0.24778761061946902 0.4207920792079208 0.07964601769911504 0.06930693069306931
1 0.34513274336283184 0.48514851485148514 0.07079646017699115 0.0891089108910891
1 0.3230088495575221 0.7970297029702971 0.0752212389380531 0.08415841584158416
2 0.8008849557522124 0.43564356435643564 0.05752212389380531 0.07920792079207921
2 0.2079646017699115 0.6386138613861386 0.061946902654867256 0.06930693069306931
2 0.336283185840708 0.3712871287128713 0.06637168141592921 0.0594059405940594
3 0.3407079646017699 0.18811881188118812 0.05752212389380531 0.054455445544554455
