0 0.1902654867256637 0.8168316831683168 0.07079646017699115 0.07425742574257425
1 0.19469026548672566 0.09405940594059406 0.06637168141592921 0.09405940594059406
2 0.23008849557522124 0.7376237623762376 0.0752212389380531 0.06435643564356436
2 0.11061946902654868 0.4900990099009901 0.048672566371681415 0.06435643564356436
2 0.8982300884955752 0.3465346534653465 0.07964601769911504 0.09405940594059406
2 0.5442477876106194 0.8762376237623762 0.05752212389380531 0.06930693069306931
3 0.42920353982300885 0.9306930693069307 0.05309734513274336 0.04455445544554455
3 0.37610619469026546 0.0891089108910891 0.07079646017699115 0.0594059405940594
3 0.38495575221238937 0.8910891089108911 0.061946902654867256 0.06930693069306931
3 0.3185840707964602 0.806930693069307 0.061946902654867256 0.07920792079207921
4 0.8495575221238938 0.8811881188118812 0.04424778761061947 0.0594059405940594
