0 0.1902654867256637 0.49504950495049505 0.07079646017699115 0.0891089108910891
0 0.8451327433628318 0.30198019801980197 0.05752212389380531 0.08415841584158416
0 0.8141592920353983 0.1782178217821782 0.09292035398230089 0.09405940594059406
0 0.07079646017699115 0.21287128712871287 0.061946902654867256 0.06930693069306931
1 0.4690265486725664 0.3910891089108911 0.084070796460177 0.06930693069306931
1 0.4557522123893805 0.24257425742574257 0.061946902654867256 0.07920792079207921
2 0.20353982300884957 0.693069306930693 0.07079646017699115 0.04950495049504951
3 0.6548672566371682 0.905940594059406 0.06637168141592921 0.054455445544554455
3 0.7168141592920354 0.18811881188118812 0.06637168141592921 0.08415841584158416
3 0.7256637168141593 0.3217821782178218 0.061946902654867256 0.0891089108910891
4 0.030973451327433628 0.8564356435643564 0.06637168141592921 0.07920792079207921
