0 0.7699115044247787 0.36633663366336633 0.07964601769911504 0.08415841584158416
1 0.6415929203539823 0.6732673267326733 0.061946902654867256 0.06435643564356436
1 0.8539823008849557 0.29207920792079206 0.07964601769911504 0.07425742574257425
1 0.02654867256637168 0.6831683168316832 0.0752212389380531 0.08415841584158416
2 0.7522123893805309 0.12376237623762376 0.06637168141592921 0.0594059405940594
2 0.3805309734513274 0.07920792079207921 0.05752212389380531 0.07425742574257425
2 0.24336283185840707 0.7871287128712872 0.05752212389380531 0.07920792079207921
2 0.084070796460177 0.7871287128712872 0.061946902654867256 0.06930693069306931
3 0.030973451327433628 0.4207920792079208 0.05309734513274336 0.0594059405940594
3 0.8716814159292036 0.6831683168316832 0.03982300884955752 0.054455445544554455
4 0.2831858407079646 0.7425742574257426 0.06637168141592921 0.06930693069306931
