0 0.5796460176991151 0.4306930693069307 0.084070796460177 0.0891089108910891
0 0.07964601769911504 0.42574257425742573 0.07964601769911504 0.08415841584158416
0 0.4336283185840708 0.4306930693069307 0.07079646017699115 0.0891089108910891
1 0.4690265486725664 0.5643564356435643 0.06637168141592921 0.08415841584158416
1 0.15486725663716813 0.4207920792079208 0.0752212389380531 0.07920792079207921
1 0.7920353982300885 0.26732673267326734 0.06637168141592921 0.07920792079207921
2 0.6592920353982301 0.0594059405940594 0.061946902654867256 0.06435643564356436
2 0.10619469026548672 0.5247524752475248 0.07079646017699115 0.06930693069306931
3 0.24778761061946902 0.7722772277227723 0.05309734513274336 0.06435643564356436
3 0.18584070796460178 0.42574257425742573 0.048672566371681415 0.039603960396039604
4 0.7123893805309734 0.40594059405940597 0.061946902654867256 0.06435643564356436
