0 0.7212389380530974 0.5297029702970297 0.06637168141592921 0.07920792079207921
1 0.24778761061946902 0.6633663366336634 0.0752212389380531 0.08415841584158416
1 0.672566371681416 0.7871287128712872 0.0752212389380531 0.0891089108910891
2 0.7566371681415929 0.35148514851485146 0.06637168141592921 0.06435643564356436
2 0.4911504424778761 0.8267326732673267 0.07964601769911504 0.09405940594059406
2 0.7168141592920354 0.3465346534653465 0.05752212389380531 0.06435643564356436
2 0.7699115044247787 0.6633663366336634 0.06637168141592921 0.0594059405940594
3 0.02654867256637168 0.8960396039603961 0.05752212389380531 0.07920792079207921
3 0.6991150442477876 0.7970297029702971 0.061946902654867256 0.06435643564356436
3 0.415929203539823 0.8118811881188119 0.048672566371681415 0.08415841584158416
