0 0.42920353982300885 0.07425742574257425 0.05752212389380531 0.0594059405940594
0 0.30973451327433627 0.3465346534653465 0.09734513274336283 0.09405940594059406
0 0.5221238938053098 0.45544554455445546 0.084070796460177 0.09405940594059406
0 0.7831858407079646 0.5396039603960396 0.09292035398230089 0.08415841584158416
0 0.831858407079646 0.12871287128712872 0.061946902654867256 0.08415841584158416
1 0.6061946902654868 0.4405940594059406 0.07079646017699115 0.07425742574257425
3 0.6327433628318584 0.6782178217821783 0.048672566371681415 0.08415841584158416
3 0.49557522123893805 0.10396039603960396 0.048672566371681415 0.039603960396039604
3 0.27876106194690264 0.599009900990099 0.061946902654867256 0.07425742574257425
3 0.8230088495575221 0.7920792079207921 0.06637168141592921 0.0594059405940594
4 0.04424778761061947 0.7722772277227723 0.06637168141592921 0.06435643564356436
