1 0.6991150442477876 0.4158415841584158 0.07964601769911504 0.09405940594059406
1 0.5442477876106194 0.29207920792079206 0.05752212389380531 0.07920792079207921
2 0.38495575221238937 0.8811881188118812 0.048672566371681415 0.07425742574257425
2 0.9336283185840708 0.900990099009901 0.048672566371681415 0.0594059405940594
2 0.47345132743362833 0.6584158415841584 0.04424778761061947 0.06930693069306931
2 0.5221238938053098 0.6039603960396039 0.084070796460177 0.06435643564356436
2 0.23893805309734514 0.6881188118811881 0.05752212389380531 0.07920792079207921
3 0.37168141592920356 0.4504950495049505 0.05752212389380531 0.06435643564356436
3 0.3672566371681416 0.6138613861386139 0.05309734513274336 0.0594059405940594
3 0.7964601769911505 0.7326732673267327 0.06637168141592921 0.07425742574257425
4 0.35398230088495575 0.6831683168316832 0.05752212389380531 0.07425742574257425
