0 0.23008849557522124 0.09900990099009901 0.084070796460177 0.0891089108910891
0 0.7079646017699115 0.16336633663366337 0.084070796460177 0.09405940594059406
2 0.22566371681415928 0.12376237623762376 0.05752212389380531 0.06930693069306931
2 0.3672566371681416 0.024752475247524754 0.0752212389380531 0.06930693069306931
2 0.3185840707964602 0.7227722772277227 0.061946902654867256 0.06930693069306931
3 0.2831858407079646 0.35148514851485146 0.05309734513274336 0.0594059405940594
3 0.5176991150442478 0.35148514851485146 0.06637168141592921 0.054455445544554455
3 0.3141592920353982 0.12871287128712872 0.03982300884955752 0.054455445544554455
3 0.6150442477876106 0.024752475247524754 0.05309734513274336 0.06435643564356436
3 0.504424778761062 0.9108910891089109 0.061946902654867256 0.06435643564356436
