0 0.25663716814159293 0.4603960396039604 0.06637168141592921 0.08415841584158416
0 0.10619469026548672 0.6485148514851485 0.06637168141592921 0.0891089108910891
0 0.39823008849557523 0.0594059405940594 0.07964601769911504 0.07425742574257425
1 0.8672566371681416 0.5841584158415841 0.07964601769911504 0.08415841584158416
1 0.5973451327433629 0.5693069306930693 0.07079646017699115 0.07920792079207921
1 0.252212389380531 0.6732673267326733 0.0752212389380531 0.09900990099009901
2 0.2920353982300885 0.07920792079207921 0.07079646017699115 0.06435643564356436
2 0.8407079646017699 0.698019801980198 0.03982300884955752 0.0891089108910891
3 0.6592920353982301 0.25742574257425743 0.07079646017699115 0.07425742574257425
3 0.6637168141592921 0.12376237623762376 0.06637168141592921 0.06435643564356436
4 0.7433628318584071 0.806930693069307 0.084070796460177 0.07425742574257425
