0 0.7920353982300885 0.034653465346534656 0.084070796460177 0.0891089108910891
0 0.8097345132743363 0.0594059405940594 0.0752212389380531 0.07425742574257425
0 0.11504424778761062 0.6287128712871287 0.07964601769911504 0.09405940594059406
0 0.3893805309734513 0.019801980198019802 0.084070796460177 0.09405940594059406
0 0.30973451327433627 0.6782178217821783 0.084070796460177 0.10396039603960396
1 0.6327433628318584 0.19801980198019803 0.061946902654867256 0.07425742574257425
1 0.2168141592920354 0.6881188118811881 0.0752212389380531 0.07425742574257425
1 0.39823008849557523 0.7722772277227723 0.0752212389380531 0.07920792079207921
1 0.504424778761062 0.22277227722772278 0.084070796460177 0.07425742574257425
1 0.6238938053097345 0.15346534653465346 0.06637168141592921 0.08415841584158416
