0 0.3584070796460177 0.48514851485148514 0.07964601769911504 0.07920792079207921
2 0.5796460176991151 0.2623762376237624 0.0752212389380531 0.06930693069306931
2 0.3495575221238938 0.5594059405940595 0.061946902654867256 0.07425742574257425
2 0.8761061946902655 0.20297029702970298 0.07964601769911504 0.06435643564356436
2 0.5265486725663717 0.10396039603960396 0.07079646017699115 0.06930693069306931
3 0.0 0.3811881188118812 0.061946902654867256 0.06435643564356436
3 0.1902654867256637 0.7673267326732673 0.061946902654867256 0.07425742574257425
3 0.4646017699115044 0.17326732673267325 0.035398230088495575 0.0594059405940594
3 0.8053097345132744 0.8168316831683168 0.061946902654867256 0.0891089108910891
3 0.3407079646017699 0.8960396039603961 0.07079646017699115 0.07920792079207921
4 0.8495575221238938 0.7178217821782178 0.05752212389380531 0.06930693069306931
