2 0.6592920353982301 0.6732673267326733 0.05752212389380531 0.06930693069306931
2 0.2079646017699115 0.26732673267326734 0.061946902654867256 0.06930693069306931
2 0.49557522123893805 0.15346534653465346 0.05752212389380531 0.0594059405940594
2 0.7389380530973452 0.6039603960396039 0.061946902654867256 0.07920792079207921
2 0.10176991150442478 0.09900990099009901 0.05752212389380531 0.07920792079207921
3 0.8938053097345132 0.7970297029702971 0.06637168141592921 0.054455445544554455
3 0.9247787610619469 0.3217821782178218 0.05752212389380531 0.07920792079207921
3 0.4424778761061947 0.2623762376237624 0.06637168141592921 0.07425742574257425
3 0.05752212389380531 0.3465346534653465 0.05752212389380531 0.06930693069306931
3 0.5 0.7772277227722773 0.07079646017699115 0.07425742574257425
