0 0.668141592920354 0.12376237623762376 0.0752212389380531 0.07425742574257425
0 0.7522123893805309 0.49504950495049505 0.061946902654867256 0.06435643564356436
0 0.2610619469026549 0.8910891089108911 0.061946902654867256 0.06435643564356436
0 0.13716814159292035 0.5198019801980198 0.06637168141592921 0.07920792079207921
0 0.2743362831858407 0.5693069306930693 0.0752212389380531 0.09900990099009901
1 0.7345132743362832 0.039603960396039604 0.061946902654867256 0.08415841584158416
1 0.6902654867256637 0.07425742574257425 0.06637168141592921 0.0891089108910891
1 0.7123893805309734 0.43564356435643564 0.0752212389380531 0.07920792079207921
3 0.5088495575221239 0.297029702970297 0.05309734513274336 0.0594059405940594
3 0.7256637168141593 0.5544554455445545 0.06637168141592921 0.0891089108910891
4 0.6637168141592921 0.900990099009901 0.061946902654867256 0.0594059405940594
