2 0.2610619469026549 0.8960396039603961 0.084070796460177 0.08415841584158416
2 0.3495575221238938 0.09405940594059406 0.06637168141592921 0.06930693069306931
2 0.37610619469026546 0.8564356435643564 0.05752212389380531 0.06435643564356436
2 0.5309734513274337 0.5396039603960396 0.0752212389380531 0.054455445544554455
2 0.17699115044247787 0.5148514851485149 0.061946902654867256 0.04950495049504951
3 0.19911504424778761 0.7722772277227723 0.05752212389380531 0.08415841584158416
3 0.4823008849557522 0.7920792079207921 0.07079646017699115 0.054455445544554455
3 0.6415929203539823 0.27722772277227725 0.061946902654867256 0.09405940594059406
3 0.21238938053097345 0.0891089108910891 0.05752212389380531 0.04950495049504951
3 0.588495575221239 0.46534653465346537 0.05752212389380531 0.054455445544554455
