0 0.7389380530973452 0.39603960396039606 0.0752212389380531 0.06930693069306931
0 0.27876106194690264 0.8118811881188119 0.09292035398230089 0.08415841584158416
0 0.10176991150442478 0.6584158415841584 0.06637168141592921 0.06435643564356436
1 0.3584070796460177 0.06435643564356436 0.07964601769911504 0.06435643564356436
1 0.11946902654867257 0.5693069306930693 0.07079646017699115 0.06930693069306931
1 0.4469026548672566 0.8217821782178217 0.061946902654867256 0.0594059405940594
1 0.008849557522123894 0.25742574257425743 0.0752212389380531 0.08415841584158416
1 0.7522123893805309 0.33663366336633666 0.061946902654867256 0.0594059405940594
2 0.3805309734513274 0.47029702970297027 0.0752212389380531 0.06930693069306931
2 0.22123893805309736 0.45544554455445546 0.0752212389380531 0.07425742574257425
