0 0.6769911504424779 0.8564356435643564 0.0752212389380531 0.10396039603960396
0 0.5309734513274337 0.4801980198019802 0.06637168141592921 0.0891089108910891
1 0.42035398230088494 0.29207920792079206 0.07079646017699115 0.08415841584158416
2 0.2610619469026549 0.8663366336633663 0.07079646017699115 0.06435643564356436
2 0.8407079646017699 0.10891089108910891 0.05752212389380531 0.0594059405940594
2 0.588495575221239 0.2524752475247525 0.07079646017699115 0.07425742574257425
3 0.7522123893805309 0.054455445544554455 0.04424778761061947 0.054455445544554455
3 0.36283185840707965 0.4900990099009901 0.0752212389380531 0.07425742574257425
3 0.7876106194690266 0.4158415841584158 0.06637168141592921 0.09405940594059406
3 0.34513274336283184 0.034653465346534656 0.0752212389380531 0.07425742574257425
