0 0.43805309734513276 0.32673267326732675 0.07079646017699115 0.07425742574257425
2 0.7256637168141593 0.5891089108910891 0.061946902654867256 0.08415841584158416
2 0.672566371681416 0.25742574257425743 0.061946902654867256 0.06435643564356436
2 0.4911504424778761 0.6732673267326733 0.07079646017699115 0.07425742574257425
2 0.5929203539823009 0.7277227722772277 0.07079646017699115 0.0594059405940594
3 0.030973451327433628 0.4158415841584158 0.06637168141592921 0.08415841584158416
3 0.004424778761061947 0.15346534653465346 0.05309734513274336 0.06435643564356436
3 0.8761061946902655 0.39603960396039606 0.05752212389380531 0.07920792079207921
3 0.7920353982300885 0.2871287128712871 0.07079646017699115 0.07425742574257425
3 0.8451327433628318 0.2079207920792079 0.061946902654867256 0.054455445544554455
