0 0.5221238938053098 0.2376237623762376 0.07079646017699115 0.07920792079207921
0 0.7964601769911505 0.4158415841584158 0.061946902654867256 0.06435643564356436
0 0.0 0.07920792079207921 0.07964601769911504 0.06930693069306931
1 0.5176991150442478 0.8712871287128713 0.06637168141592921 0.0891089108910891
1 0.7300884955752213 0.6683168316831684 0.07964601769911504 0.07425742574257425
2 0.28761061946902655 0.2376237623762376 0.061946902654867256 0.054455445544554455
2 0.23893805309734514 0.6237623762376238 0.07079646017699115 0.07920792079207921
3 0.21238938053097345 0.7326732673267327 0.05309734513274336 0.06930693069306931
3 0.5486725663716814 0.5693069306930693 0.07079646017699115 0.08415841584158416
3 0.061946902654867256 0.47029702970297027 0.05309734513274336 0.07425742574257425
4 0.2168141592920354 0.8564356435643564 0.06637168141592921 0.07920792079207921
