0 0.504424778761062 0.6732673267326733 0.06637168141592921 0.09405940594059406
0 0.4823008849557522 0.6534653465346535 0.084070796460177 0.07425742574257425
0 0.16371681415929204 0.31683168316831684 0.07079646017699115 0.08415841584158416
0 0.2610619469026549 0.44554455445544555 0.05309734513274336 0.09405940594059406
0 0.504424778761062 0.9158415841584159 0.05752212389380531 0.06435643564356436
1 0.7654867256637168 0.7673267326732673 0.07079646017699115 0.09900990099009901
1 0.8230088495575221 0.37623762376237624 0.07079646017699115 0.09405940594059406
1 0.17256637168141592 0.47029702970297027 0.07079646017699115 0.08415841584158416
3 0.8362831858407079 0.3069306930693069 0.061946902654867256 0.07425742574257425
3 0.5309734513274337 0.7227722772277227 0.061946902654867256 0.08415841584158416
