1 0.4247787610619469 0.6089108910891089 0.06637168141592921 0.07920792079207921
1 0.6902654867256637 0.5198019801980198 0.07964601769911504 0.07425742574257425
1 0.7168141592920354 0.7623762376237624 0.084070796460177 0.07425742574257425
1 0.17699115044247787 0.8613861386138614 0.07079646017699115 0.06435643564356436
1 0.8053097345132744 0.034653465346534656 0.061946902654867256 0.0594059405940594
2 0.4690265486725664 0.8960396039603961 0.05752212389380531 0.07425742574257425
2 0.0752212389380531 0.5544554455445545 0.02654867256637168 0.06930693069306931
2 0.6858407079646017 0.1782178217821782 0.07079646017699115 0.07920792079207921
2 0.42920353982300885 0.8415841584158416 0.07079646017699115 0.04950495049504951
2 0.2831858407079646 0.46534653465346537 0.06637168141592921 0.06930693069306931
