0 0.48672566371681414 0.30198019801980197 0.07079646017699115 0.08415841584158416
0 0.3230088495575221 0.17326732673267325 0.0752212389380531 0.08415841584158416
0 0.5309734513274337 0.7772277227722773 0.07079646017699115 0.07425742574257425
0 0.8008849557522124 0.693069306930693 0.07964601769911504 0.07425742574257425
1 0.668141592920354 0.37623762376237624 0.08849557522123894 0.06930693069306931
1 0.8938053097345132 0.29207920792079206 0.0752212389380531 0.0891089108910891
1 0.7389380530973452 0.806930693069307 0.07079646017699115 0.08415841584158416
1 0.29646017699115046 0.5544554455445545 0.0752212389380531 0.0891089108910891
1 0.3185840707964602 0.3712871287128713 0.06637168141592921 0.07425742574257425
2 0.8539823008849557 0.26732673267326734 0.05752212389380531 0.06930693069306931
4 0.05752212389380531 0.21782178217821782 0.06637168141592921 0.08415841584158416
