0 0.3495575221238938 0.297029702970297 0.07079646017699115 0.08415841584158416
1 0.4646017699115044 0.3811881188118812 0.061946902654867256 0.07920792079207921
1 0.8495575221238938 0.7524752475247525 0.061946902654867256 0.0891089108910891
1 0.8495575221238938 0.594059405940594 0.07079646017699115 0.08415841584158416
1 0.5530973451327433 0.37623762376237624 0.07964601769911504 0.0594059405940594
2 0.2079646017699115 0.8613861386138614 0.07079646017699115 0.0594059405940594
2 0.6858407079646017 0.594059405940594 0.06637168141592921 0.054455445544554455
2 0.11946902654867257 0.8366336633663366 0.07079646017699115 0.06435643564356436
2 0.39823008849557523 0.693069306930693 0.07079646017699115 0.04950495049504951
3 0.7831858407079646 0.5148514851485149 0.06637168141592921 0.0594059405940594
