0 0.8672566371681416 0.4801980198019802 0.06637168141592921 0.09405940594059406
0 0.7787610619469026 0.6534653465346535 0.06637168141592921 0.09405940594059406
0 0.6061946902654868 0.21782178217821782 0.09292035398230089 0.09405940594059406
1 0.7433628318584071 0.6782178217821783 0.0752212389380531 0.07920792079207921
1 0.5353982300884956 0.8267326732673267 0.07079646017699115 0.07425742574257425
1 0.1415929203539823 0.8514851485148515 0.084070796460177 0.07425742574257425
1 0.6061946902654868 0.06930693069306931 0.061946902654867256 0.07920792079207921
2 0.42920353982300885 0.27722772277227725 0.07079646017699115 0.09405940594059406
2 0.8849557522123894 0.6881188118811881 0.07079646017699115 0.06930693069306931
3 0.49557522123893805 0.5643564356435643 0.03982300884955752 0.04950495049504951
4 0.3672566371681416 0.7722772277227723 0.05309734513274336 0.0594059405940594
