0 0.03982300884955752 0.2623762376237624 0.07964601769911504 0.08415841584158416
0 0.6637168141592921 0.5742574257425742 0.061946902654867256 0.09405940594059406
1 0.2831858407079646 0.10891089108910891 0.08849557522123894 0.09900990099009901
2 0.6460176991150443 0.024752475247524754 0.0752212389380531 0.07920792079207921
2 0.6061946902654868 0.4306930693069307 0.048672566371681415 0.07425742574257425
2 0.7920353982300885 0.4207920792079208 0.048672566371681415 0.07920792079207921
3 0.9247787610619469 0.297029702970297 0.061946902654867256 0.06435643564356436
3 0.7876106194690266 0.400990099009901 0.061946902654867256 0.07425742574257425
3 0.8053097345132744 0.2376237623762376 0.05752212389380531 0.0594059405940594
3 0.41150442477876104 0.5247524752475248 0.06637168141592921 0.0594059405940594
