0 0.8008849557522124 0.13366336633663367 0.07964601769911504 0.10891089108910891
0 0.168141592920354 0.32673267326732675 0.07964601769911504 0.09900990099009901
0 0.08849557522123894 0.0049504950495049506 0.061946902654867256 0.06930693069306931
0 0.17699115044247787 0.8960396039603961 0.06637168141592921 0.07920792079207921
1 0.35398230088495575 0.019801980198019802 0.05752212389380531 0.08415841584158416
1 0.42920353982300885 0.38613861386138615 0.0752212389380531 0.0594059405940594
2 0.9070796460176991 0.10891089108910891 0.06637168141592921 0.07425742574257425
3 0.5796460176991151 0.2079207920792079 0.04424778761061947 0.04950495049504951
3 0.5176991150442478 0.019801980198019802 0.061946902654867256 0.054455445544554455
3 0.9292035398230089 0.3811881188118812 0.05309734513274336 0.06930693069306931
