0 0.8230088495575221 0.35148514851485146 0.07964601769911504 0.08415841584158416
0 0.9070796460176991 0.7920792079207921 0.06637168141592921 0.06435643564356436
0 0.7433628318584071 0.6336633663366337 0.0752212389380531 0.06435643564356436
0 0.5929203539823009 0.4207920792079208 0.0752212389380531 0.09405940594059406
0 0.5265486725663717 0.5247524752475248 0.09292035398230089 0.08415841584158416
1 0.004424778761061947 0.0594059405940594 0.07964601769911504 0.0891089108910891
3 0.061946902654867256 0.7920792079207921 0.05309734513274336 0.0594059405940594
3 0.8849557522123894 0.23267326732673269 0.048672566371681415 0.039603960396039604
3 0.3805309734513274 0.16831683168316833 0.05752212389380531 0.06435643564356436
3 0.47345132743362833 0.3316831683168317 0.07079646017699115 0.0594059405940594
4 0.7300884955752213 0.15841584158415842 0.06637168141592921 0.07920792079207921
