0 0.7168141592920354 0.5099009900990099 0.08849557522123894 0.0891089108910891
0 0.6371681415929203 0.41089108910891087 0.07964601769911504 0.07425742574257425
0 0.4336283185840708 0.7821782178217822 0.061946902654867256 0.07920792079207921
1 0.0 0.18316831683168316 0.061946902654867256 0.0891089108910891
1 0.8495575221238938 0.2524752475247525 0.07079646017699115 0.07425742574257425
1 0.7654867256637168 0.3465346534653465 0.06637168141592921 0.09405940594059406
1 0.5353982300884956 0.33663366336633666 0.061946902654867256 0.0891089108910891
1 0.7389380530973452 0.6089108910891089 0.061946902654867256 0.09900990099009901
2 0.8849557522123894 0.18811881188118812 0.04424778761061947 0.0891089108910891
2 0.7212389380530974 0.40594059405940597 0.061946902654867256 0.06930693069306931
4 0.8407079646017699 0.7722772277227723 0.05752212389380531 0.07425742574257425
