0 0.40707964601769914 0.5594059405940595 0.084070796460177 0.0594059405940594
1 0.6150442477876106 0.8613861386138614 0.0752212389380531 0.06930693069306931
1 0.8805309734513275 0.47029702970297027 0.061946902654867256 0.08415841584158416
1 0.035398230088495575 0.5 0.061946902654867256 0.06435643564356436
2 0.6991150442477876 0.7821782178217822 0.07964601769911504 0.08415841584158416
2 0.5132743362831859 0.26732673267326734 0.07964601769911504 0.09405940594059406
2 0.3584070796460177 0.33663366336633666 0.05309734513274336 0.07425742574257425
2 0.14601769911504425 0.31683168316831684 0.06637168141592921 0.06930693069306931
3 0.8849557522123894 0.7871287128712872 0.06637168141592921 0.06930693069306931
3 0.38495575221238937 0.8168316831683168 0.03982300884955752 0.06930693069306931
