1 0.6371681415929203 0.8564356435643564 0.07964601769911504 0.08415841584158416
1 0.6327433628318584 0.7920792079207921 0.061946902654867256 0.06930693069306931
1 0.6548672566371682 0.8168316831683168 0.07079646017699115 0.07920792079207921
1 0.5796460176991151 0.4306930693069307 0.061946902654867256 0.09405940594059406
2 0.2345132743362832 0.6287128712871287 0.061946902654867256 0.06930693069306931
2 0.6504424778761062 0.7227722772277227 0.07079646017699115 0.06930693069306931
2 0.17699115044247787 0.3316831683168317 0.06637168141592921 0.06930693069306931
2 0.6150442477876106 0.019801980198019802 0.04424778761061947 0.07425742574257425
2 0.8141592920353983 0.8168316831683168 0.06637168141592921 0.06435643564356436
3 0.911504424778761 0.5346534653465347 0.07079646017699115 0.06435643564356436
