0 0.9026548672566371 0.25742574257425743 0.07079646017699115 0.06930693069306931
1 0.7743362831858407 0.33663366336633666 0.07964601769911504 0.10396039603960396
1 0.18584070796460178 0.4603960396039604 0.05752212389380531 0.07425742574257425
1 0.5530973451327433 0.5346534653465347 0.061946902654867256 0.07920792079207921
1 0.7610619469026548 0.29207920792079206 0.0752212389380531 0.06930693069306931
2 0.04424778761061947 0.6435643564356436 0.05309734513274336 0.054455445544554455
2 0.6061946902654868 0.29207920792079206 0.05309734513274336 0.054455445544554455
2 0.6902654867256637 0.45544554455445546 0.06637168141592921 0.06930693069306931
2 0.19911504424778761 0.504950495049505 0.030973451327433628 0.0891089108910891
3 0.35398230088495575 0.297029702970297 0.061946902654867256 0.06435643564356436
