0 0.20353982300884957 0.7079207920792079 0.06637168141592921 0.06930693069306931
0 0.8451327433628318 0.6435643564356436 0.06637168141592921 0.0891089108910891
0 0.084070796460177 0.19306930693069307 0.07079646017699115 0.0891089108910891
0 0.40707964601769914 0.6039603960396039 0.061946902654867256 0.07920792079207921
1 0.084070796460177 0.7821782178217822 0.06637168141592921 0.06930693069306931
1 0.6415929203539823 0.7970297029702971 0.07079646017699115 0.07425742574257425
2 0.7035398230088495 0.09900990099009901 0.04424778761061947 0.07920792079207921
3 0.24778761061946902 0.8712871287128713 0.07079646017699115 0.07425742574257425
3 0.8407079646017699 0.04950495049504951 0.06637168141592921 0.07920792079207921
3 0.035398230088495575 0.7128712871287128 0.07079646017699115 0.07425742574257425
