0 0.4336283185840708 0.7871287128712872 0.0752212389380531 0.07425742574257425
0 0.40707964601769914 0.45544554455445546 0.0752212389380531 0.07920792079207921
2 0.6902654867256637 0.3910891089108911 0.07079646017699115 0.06435643564356436
2 0.6283185840707964 0.5148514851485149 0.07079646017699115 0.06930693069306931
2 0.5486725663716814 0.3910891089108911 0.05752212389380531 0.06930693069306931
3 0.6637168141592921 0.11386138613861387 0.07079646017699115 0.06930693069306931
3 0.5353982300884956 0.5792079207920792 0.06637168141592921 0.06435643564356436
3 0.25663716814159293 0.6188118811881188 0.061946902654867256 0.04950495049504951
3 0.9424778761061947 0.8613861386138614 0.05309734513274336 0.0594059405940594
3 0.6106194690265486 0.3910891089108911 0.035398230088495575 0.054455445544554455
