0 0.9070796460176991 0.6881188118811881 0.061946902654867256 0.07920792079207921
0 0.022123893805309734 0.3465346534653465 0.0752212389380531 0.07920792079207921
0 0.5663716814159292 0.4306930693069307 0.07964601769911504 0.06435643564356436
0 0.5752212389380531 0.7128712871287128 0.07079646017699115 0.09405940594059406
1 0.5530973451327433 0.6534653465346535 0.06637168141592921 0.07920792079207921
1 0.672566371681416 0.3712871287128713 0.06637168141592921 0.06930693069306931
1 0.21238938053097345 0.11386138613861387 0.06637168141592921 0.06435643564356436
2 0.6327433628318584 0.6336633663366337 0.05309734513274336 0.054455445544554455
3 0.04424778761061947 0.6732673267326733 0.06637168141592921 0.06930693069306931
3 0.5575221238938053 0.3069306930693069 0.04424778761061947 0.06930693069306931
