0 0.6460176991150443 0.024752475247524754 0.07964601769911504 0.06435643564356436
1 0.8893805309734514 0.1188118811881188 0.06637168141592921 0.06930693069306931
1 0.8628318584070797 0.30198019801980197 0.05752212389380531 0.06435643564356436
1 0.21238938053097345 0.04950495049504951 0.05752212389380531 0.08415841584158416
1 0.8539823008849557 0.21782178217821782 0.061946902654867256 0.09900990099009901
1 0.8761061946902655 0.3564356435643564 0.07079646017699115 0.08415841584158416
2 0.048672566371681415 0.3069306930693069 0.03982300884955752 0.06435643564356436
2 0.8761061946902655 0.599009900990099 0.061946902654867256 0.07920792079207921
2 0.3584070796460177 0.45544554455445546 0.05752212389380531 0.07425742574257425
2 0.12389380530973451 0.35148514851485146 0.07079646017699115 0.07920792079207921
4 0.3893805309734513 0.8267326732673267 0.061946902654867256 0.08415841584158416
