0 0.2168141592920354 0.6435643564356436 0.07079646017699115 0.08415841584158416
0 0.5265486725663717 0.7772277227722773 0.0752212389380531 0.08415841584158416
0 0.6327433628318584 0.23267326732673269 0.05752212389380531 0.0891089108910891
0 0.8672566371681416 0.6188118811881188 0.084070796460177 0.08415841584158416
0 0.008849557522123894 0.4603960396039604 0.061946902654867256 0.07920792079207921
3 0.017699115044247787 0.26732673267326734 0.07079646017699115 0.054455445544554455
3 0.7212389380530974 0.5594059405940595 0.05752212389380531 0.06435643564356436
3 0.11946902654867257 0.6039603960396039 0.061946902654867256 0.07425742574257425
3 0.4823008849557522 0.7574257425742574 0.084070796460177 0.06930693069306931
3 0.415929203539823 0.5148514851485149 0.04424778761061947 0.04455445544554455
