0 0.7566371681415929 0.28217821782178215 0.08849557522123894 0.08415841584158416
0 0.17256637168141592 0.26732673267326734 0.084070796460177 0.09900990099009901
0 0.22123893805309736 0.7425742574257426 0.06637168141592921 0.07425742574257425
0 0.4424778761061947 0.7079207920792079 0.06637168141592921 0.08415841584158416
1 0.30973451327433627 0.8267326732673267 0.07079646017699115 0.06930693069306931
1 0.7699115044247787 0.19801980198019803 0.061946902654867256 0.07425742574257425
1 0.8451327433628318 0.12871287128712872 0.061946902654867256 0.07920792079207921
1 0.25663716814159293 0.1188118811881188 0.0752212389380531 0.10396039603960396
1 0.668141592920354 0.8613861386138614 0.084070796460177 0.08415841584158416
2 0.18584070796460178 0.21782178217821782 0.0752212389380531 0.08415841584158416
