1 0.48672566371681414 0.2871287128712871 0.084070796460177 0.08415841584158416
1 0.21238938053097345 0.22772277227722773 0.07079646017699115 0.0891089108910891
1 0.2920353982300885 0.19306930693069307 0.06637168141592921 0.08415841584158416
1 0.6769911504424779 0.6831683168316832 0.06637168141592921 0.07425742574257425
2 0.07079646017699115 0.41089108910891087 0.06637168141592921 0.07920792079207921
2 0.01327433628318584 0.5247524752475248 0.0752212389380531 0.07920792079207921
2 0.09292035398230089 0.07920792079207921 0.048672566371681415 0.06435643564356436
2 0.2079646017699115 0.4504950495049505 0.07079646017699115 0.054455445544554455
2 0.04424778761061947 0.3118811881188119 0.05309734513274336 0.07425742574257425
3 0.11946902654867257 0.8910891089108911 0.061946902654867256 0.07425742574257425
4 0.05309734513274336 0.6881188118811881 0.05752212389380531 0.07920792079207921
