0 0.8230088495575221 0.3910891089108911 0.0752212389380531 0.09900990099009901
1 0.8716814159292036 0.2871287128712871 0.08849557522123894 0.0891089108910891
1 0.8230088495575221 0.6435643564356436 0.05752212389380531 0.08415841584158416
2 0.7433628318584071 0.8168316831683168 0.0752212389380531 0.0594059405940594
2 0.915929203539823 0.3712871287128713 0.07079646017699115 0.06930693069306931
2 0.4469026548672566 0.8465346534653465 0.05752212389380531 0.06930693069306931
2 0.13274336283185842 0.2871287128712871 0.05752212389380531 0.07425742574257425
3 0.7522123893805309 0.8514851485148515 0.03982300884955752 0.04950495049504951
3 0.1902654867256637 0.8316831683168316 0.03982300884955752 0.04455445544554455
3 0.11946902654867257 0.17326732673267325 0.061946902654867256 0.07920792079207921
4 0.19469026548672566 0.8118811881188119 0.084070796460177 0.06435643564356436
