0 0.6460176991150443 0.5396039603960396 0.07079646017699115 0.08415841584158416
0 0.08849557522123894 0.7178217821782178 0.06637168141592921 0.09405940594059406
0 0.8761061946902655 0.6386138613861386 0.06637168141592921 0.07920792079207921
0 0.6814159292035398 0.3910891089108911 0.06637168141592921 0.07920792079207921
1 0.7610619469026548 0.6732673267326733 0.05752212389380531 0.07425742574257425
1 0.33185840707964603 0.17326732673267325 0.05752212389380531 0.0594059405940594
1 0.5707964601769911 0.13366336633663367 0.061946902654867256 0.09405940594059406
2 0.8230088495575221 0.009900990099009901 0.0752212389380531 0.054455445544554455
3 0.30973451327433627 0.5841584158415841 0.07964601769911504 0.04950495049504951
3 0.18584070796460178 0.38613861386138615 0.06637168141592921 0.07425742574257425
