0 0.2168141592920354 0.30198019801980197 0.084070796460177 0.06930693069306931
0 0.8893805309734514 0.06930693069306931 0.07079646017699115 0.09900990099009901
0 0.26991150442477874 0.8118811881188119 0.06637168141592921 0.08415841584158416
1 0.46017699115044247 0.2871287128712871 0.06637168141592921 0.07920792079207921
1 0.21238938053097345 0.3415841584158416 0.07964601769911504 0.07920792079207921
1 0.2345132743362832 0.806930693069307 0.07079646017699115 0.0891089108910891
1 0.668141592920354 0.009900990099009901 0.07079646017699115 0.06435643564356436
1 0.8761061946902655 0.6881188118811881 0.06637168141592921 0.08415841584158416
2 0.8539823008849557 0.6485148514851485 0.0752212389380531 0.06930693069306931
2 0.43805309734513276 0.0049504950495049506 0.048672566371681415 0.07920792079207921
