0 0.09292035398230089 0.4405940594059406 0.09734513274336283 0.09900990099009901
0 0.1902654867256637 0.4504950495049505 0.084070796460177 0.10396039603960396
0 0.168141592920354 0.6287128712871287 0.07964601769911504 0.06930693069306931
0 0.7699115044247787 0.8217821782178217 0.06637168141592921 0.09405940594059406
0 0.022123893805309734 0.7623762376237624 0.06637168141592921 0.07425742574257425
1 0.7522123893805309 0.034653465346534656 0.08849557522123894 0.08415841584158416
1 0.504424778761062 0.024752475247524754 0.07964601769911504 0.06930693069306931
1 0.8495575221238938 0.41089108910891087 0.07964601769911504 0.09900990099009901
1 0.6991150442477876 0.30198019801980197 0.07964601769911504 0.07425742574257425
3 0.3805309734513274 0.0891089108910891 0.07079646017699115 0.08415841584158416
4 0.8451327433628318 0.07920792079207921 0.048672566371681415 0.054455445544554455
