0 0.22566371681415928 0.25742574257425743 0.07964601769911504 0.09900990099009901
1 0.17699115044247787 0.06930693069306931 0.0752212389380531 0.0891089108910891
1 0.7433628318584071 0.5841584158415841 0.061946902654867256 0.08415841584158416
1 0.5575221238938053 0.7079207920792079 0.07079646017699115 0.0594059405940594
1 0.5486725663716814 0.8910891089108911 0.05309734513274336 0.06930693069306931
2 0.28761061946902655 0.39603960396039606 0.084070796460177 0.06930693069306931
2 0.5530973451327433 0.7871287128712872 0.061946902654867256 0.07920792079207921
2 0.6415929203539823 0.7277227722772277 0.06637168141592921 0.04950495049504951
2 0.8495575221238938 0.7673267326732673 0.05752212389380531 0.08415841584158416
3 0.8982300884955752 0.8514851485148515 0.061946902654867256 0.06435643564356436
