1 0.017699115044247787 0.38613861386138615 0.07964601769911504 0.06930693069306931
1 0.12831858407079647 0.019801980198019802 0.061946902654867256 0.06930693069306931
1 0.1415929203539823 0.2079207920792079 0.07964601769911504 0.07425742574257425
1 0.4336283185840708 0.7425742574257426 0.06637168141592921 0.0891089108910891
1 0.02654867256637168 0.42574257425742573 0.061946902654867256 0.06435643564356436
2 0.3495575221238938 0.6435643564356436 0.0752212389380531 0.07425742574257425
2 0.7300884955752213 0.35148514851485146 0.05752212389380531 0.06435643564356436
2 0.6592920353982301 0.1782178217821782 0.07964601769911504 0.08415841584158416
2 0.3053097345132743 0.039603960396039604 0.05309734513274336 0.06930693069306931
2 0.5176991150442478 0.8712871287128713 0.0752212389380531 0.0594059405940594
4 0.4026548672566372 0.33663366336633666 0.0752212389380531 0.07425742574257425
