0 0.8141592920353983 0.15346534653465346 0.08849557522123894 0.07920792079207921
1 0.6017699115044248 0.009900990099009901 0.05752212389380531 0.07920792079207921
2 0.3185840707964602 0.5792079207920792 0.0752212389380531 0.07920792079207921
2 0.3008849557522124 0.054455445544554455 0.07079646017699115 0.06435643564356436
2 0.7433628318584071 0.47029702970297027 0.06637168141592921 0.07920792079207921
2 0.29646017699115046 0.3465346534653465 0.07079646017699115 0.0891089108910891
3 0.7787610619469026 0.009900990099009901 0.07079646017699115 0.07425742574257425
3 0.18584070796460178 0.09405940594059406 0.03982300884955752 0.04455445544554455
3 0.5929203539823009 0.054455445544554455 0.04424778761061947 0.07425742574257425
3 0.5132743362831859 0.7871287128712872 0.0752212389380531 0.07425742574257425
