0 0.3008849557522124 0.5693069306930693 0.061946902654867256 0.09405940594059406
0 0.7035398230088495 0.0891089108910891 0.07079646017699115 0.06435643564356436
0 0.5088495575221239 0.6584158415841584 0.07964601769911504 0.07425742574257425
1 0.07964601769911504 0.806930693069307 0.0752212389380531 0.0891089108910891
1 0.9203539823008849 0.41089108910891087 0.07079646017699115 0.07425742574257425
1 0.3230088495575221 0.25742574257425743 0.0752212389380531 0.0891089108910891
1 0.4424778761061947 0.8118811881188119 0.06637168141592921 0.06930693069306931
1 0.7389380530973452 0.09405940594059406 0.06637168141592921 0.08415841584158416
2 0.7300884955752213 0.8118811881188119 0.048672566371681415 0.06435643564356436
2 0.1504424778761062 0.7326732673267327 0.05309734513274336 0.06435643564356436
4 0.08849557522123894 0.3465346534653465 0.048672566371681415 0.06435643564356436
