0 0.3584070796460177 0.3217821782178218 0.084070796460177 0.0891089108910891
1 0.3141592920353982 0.693069306930693 0.07079646017699115 0.09405940594059406
1 0.8362831858407079 0.8712871287128713 0.07079646017699115 0.08415841584158416
2 0.5309734513274337 0.09405940594059406 0.035398230088495575 0.06435643564356436
2 0.017699115044247787 0.3910891089108911 0.035398230088495575 0.08415841584158416
2 0.2168141592920354 0.3069306930693069 0.048672566371681415 0.07920792079207921
2 0.39823008849557523 0.3217821782178218 0.048672566371681415 0.07920792079207921
3 0.1592920353982301 0.10891089108910891 0.05752212389380531 0.0594059405940594
3 0.5973451327433629 0.06435643564356436 0.048672566371681415 0.039603960396039604
3 0.4247787610619469 0.1782178217821782 0.0752212389380531 0.06930693069306931
4 0.21238938053097345 0.07920792079207921 0.05309734513274336 0.06930693069306931
