1 0.4911504424778761 0.1485148514851485 0.06637168141592921 0.06930693069306931
1 0.8008849557522124 0.054455445544554455 0.07079646017699115 0.07425742574257425
1 0.4911504424778761 0.36633663366336633 0.07964601769911504 0.06435643564356436
1 0.5796460176991151 0.7326732673267327 0.084070796460177 0.06930693069306931
1 0.6991150442477876 0.25742574257425743 0.07964601769911504 0.08415841584158416
2 0.4336283185840708 0.400990099009901 0.061946902654867256 0.0594059405940594
2 0.017699115044247787 0.0891089108910891 0.07079646017699115 0.07425742574257425
2 0.4911504424778761 0.1782178217821782 0.0752212389380531 0.06930693069306931
2 0.6902654867256637 0.1782178217821782 0.061946902654867256 0.07425742574257425
2 0.2920353982300885 0.09900990099009901 0.05752212389380531 0.06930693069306931
