0 0.22566371681415928 0.2623762376237624 0.06637168141592921 0.06930693069306931
0 0.6194690265486725 0.8861386138613861 0.06637168141592921 0.07920792079207921
1 0.30973451327433627 0.5297029702970297 0.07964601769911504 0.06930693069306931
2 0.3805309734513274 0.09900990099009901 0.07079646017699115 0.0594059405940594
2 0.6991150442477876 0.11386138613861387 0.048672566371681415 0.07920792079207921
2 0.42920353982300885 0.7475247524752475 0.06637168141592921 0.07920792079207921
3 0.7876106194690266 0.5148514851485149 0.07079646017699115 0.06930693069306931
3 0.588495575221239 0.5495049504950495 0.084070796460177 0.054455445544554455
3 0.504424778761062 0.9158415841584159 0.05309734513274336 0.06930693069306931
3 0.336283185840708 0.21782178217821782 0.05309734513274336 0.06930693069306931
4 0.2831858407079646 0.8465346534653465 0.048672566371681415 0.06435643564356436
