1 0.11061946902654868 0.3465346534653465 0.0752212389380531 0.08415841584158416
1 0.16371681415929204 0.5792079207920792 0.05752212389380531 0.08415841584158416
2 0.672566371681416 0.0297029702970297 0.07964601769911504 0.06930693069306931
2 0.7743362831858407 0.5841584158415841 0.06637168141592921 0.07425742574257425
2 0.5088495575221239 0.1782178217821782 0.0752212389380531 0.04950495049504951
2 0.0 0.8811881188118812 0.05309734513274336 0.07920792079207921
2 0.7212389380530974 0.7524752475247525 0.048672566371681415 0.0891089108910891
3 0.9247787610619469 0.07920792079207921 0.048672566371681415 0.06435643564356436
3 0.004424778761061947 0.16336633663366337 0.06637168141592921 0.04950495049504951
3 0.30973451327433627 0.09405940594059406 0.07964601769911504 0.04950495049504951
4 0.5530973451327433 0.009900990099009901 0.061946902654867256 0.07920792079207921
