0 0.7079646017699115 0.09900990099009901 0.084070796460177 0.06435643564356436
0 0.34513274336283184 0.10891089108910891 0.07964601769911504 0.09405940594059406
1 0.7610619469026548 0.07920792079207921 0.084070796460177 0.09405940594059406
1 0.8761061946902655 0.0297029702970297 0.08849557522123894 0.09900990099009901
1 0.3185840707964602 0.6485148514851485 0.084070796460177 0.09900990099009901
1 0.5176991150442478 0.3217821782178218 0.09292035398230089 0.07920792079207921
2 0.8141592920353983 0.7920792079207921 0.05752212389380531 0.07920792079207921
2 0.23008849557522124 0.01485148514851485 0.0752212389380531 0.06930693069306931
2 0.1415929203539823 0.11386138613861387 0.061946902654867256 0.07920792079207921
3 0.3938053097345133 0.7079207920792079 0.0752212389380531 0.054455445544554455
4 0.008849557522123894 0.49504950495049505 0.07079646017699115 0.07920792079207921
