0 0.47345132743362833 0.698019801980198 0.07964601769911504 0.0891089108910891
0 0.7256637168141593 0.3712871287128713 0.0752212389380531 0.07920792079207921
0 0.5309734513274337 0.3316831683168317 0.08849557522123894 0.07425742574257425
1 0.584070796460177 0.7475247524752475 0.06637168141592921 0.08415841584158416
2 0.5929203539823009 0.698019801980198 0.0752212389380531 0.06435643564356436
2 0.5088495575221239 0.06435643564356436 0.0752212389380531 0.07425742574257425
3 0.8893805309734514 0.32673267326732675 0.05309734513274336 0.04950495049504951
3 0.5 0.30198019801980197 0.05309734513274336 0.07425742574257425
3 0.415929203539823 0.5297029702970297 0.05309734513274336 0.0594059405940594
3 0.43805309734513276 0.3118811881188119 0.05752212389380531 0.06435643564356436
