0 0.7212389380530974 0.30198019801980197 0.0752212389380531 0.09405940594059406
0 0.8451327433628318 0.9108910891089109 0.061946902654867256 0.07425742574257425
1 0.7168141592920354 0.5247524752475248 0.07964601769911504 0.09405940594059406
1 0.2079646017699115 0.5247524752475248 0.061946902654867256 0.06435643564356436
2 0.5176991150442478 0.9158415841584159 0.05752212389380531 0.07425742574257425
2 0.17256637168141592 0.7821782178217822 0.0752212389380531 0.0594059405940594
2 0.415929203539823 0.20297029702970298 0.05752212389380531 0.04950495049504951
3 0.13716814159292035 0.2524752475247525 0.05309734513274336 0.07425742574257425
3 0.7831858407079646 0.6039603960396039 0.048672566371681415 0.06435643564356436
3 0.35398230088495575 0.44554455445544555 0.05752212389380531 0.04455445544554455
