0 0.915929203539823 0.900990099009901 0.06637168141592921 0.07425742574257425
0 0.7610619469026548 0.034653465346534656 0.0752212389380531 0.09900990099009901
0 0.17256637168141592 0.8663366336633663 0.07079646017699115 0.0891089108910891
0 0.27876106194690264 0.7871287128712872 0.0752212389380531 0.08415841584158416
0 0.4778761061946903 0.23267326732673269 0.0752212389380531 0.07425742574257425
1 0.5530973451327433 0.3465346534653465 0.06637168141592921 0.09405940594059406
1 0.017699115044247787 0.21287128712871287 0.07964601769911504 0.07920792079207921
1 0.8893805309734514 0.8415841584158416 0.0752212389380531 0.09405940594059406
1 0.23008849557522124 0.8663366336633663 0.0752212389380531 0.0594059405940594
3 0.08849557522123894 0.3613861386138614 0.035398230088495575 0.04950495049504951
4 0.8097345132743363 0.4603960396039604 0.05309734513274336 0.06930693069306931
