0 0.22123893805309736 0.33663366336633666 0.0752212389380531 0.06435643564356436
1 0.3805309734513274 0.48514851485148514 0.07079646017699115 0.06930693069306931
1 0.21238938053097345 0.5099009900990099 0.084070796460177 0.0891089108910891
1 0.2345132743362832 0.7128712871287128 0.084070796460177 0.09900990099009901
1 0.6858407079646017 0.36633663366336633 0.0752212389380531 0.0891089108910891
1 0.30973451327433627 0.42574257425742573 0.0752212389380531 0.07920792079207921
2 0.45132743362831856 0.8712871287128713 0.07079646017699115 0.07920792079207921
2 0.47345132743362833 0.6633663366336634 0.084070796460177 0.08415841584158416
2 0.8584070796460177 0.6435643564356436 0.06637168141592921 0.06435643564356436
2 0.3274336283185841 0.48514851485148514 0.07964601769911504 0.08415841584158416
4 0.8097345132743363 0.4158415841584158 0.07079646017699115 0.0891089108910891
