0 0.4690265486725664 0.5099009900990099 0.084070796460177 0.09900990099009901
2 0.672566371681416 0.10396039603960396 0.061946902654867256 0.07920792079207921
2 0.7876106194690266 0.054455445544554455 0.07079646017699115 0.07920792079207921
2 0.827433628318584 0.0594059405940594 0.061946902654867256 0.06930693069306931
2 0.6637168141592921 0.0891089108910891 0.07079646017699115 0.06930693069306931
3 0.39823008849557523 0.4405940594059406 0.05752212389380531 0.054455445544554455
3 0.3407079646017699 0.3712871287128713 0.07964601769911504 0.06930693069306931
3 0.7964601769911505 0.6039603960396039 0.048672566371681415 0.07920792079207921
3 0.46017699115044247 0.04455445544554455 0.048672566371681415 0.06435643564356436
3 0.8008849557522124 0.36633663366336633 0.05309734513274336 0.04950495049504951
4 0.05752212389380531 0.6881188118811881 0.048672566371681415 0.07425742574257425
