0 0.28761061946902655 0.5544554455445545 0.0752212389380531 0.0891089108910891
0 0.4690265486725664 0.5792079207920792 0.09292035398230089 0.07920792079207921
0 0.4336283185840708 0.7574257425742574 0.0752212389380531 0.09900990099009901
0 0.12389380530973451 0.06435643564356436 0.0752212389380531 0.08415841584158416
1 0.7123893805309734 0.6881188118811881 0.061946902654867256 0.07920792079207921
1 0.1592920353982301 0.14356435643564355 0.08849557522123894 0.0891089108910891
1 0.7743362831858407 0.2871287128712871 0.0752212389380531 0.07920792079207921
1 0.8230088495575221 0.8415841584158416 0.061946902654867256 0.07425742574257425
1 0.2743362831858407 0.35148514851485146 0.061946902654867256 0.0891089108910891
2 0.18584070796460178 0.4158415841584158 0.06637168141592921 0.07425742574257425
