1 0.5265486725663717 0.3613861386138614 0.084070796460177 0.06930693069306931
1 0.8539823008849557 0.5346534653465347 0.084070796460177 0.07920792079207921
2 0.915929203539823 0.30198019801980197 0.061946902654867256 0.04950495049504951
2 0.6814159292035398 0.21782178217821782 0.05752212389380531 0.06435643564356436
2 0.168141592920354 0.3316831683168317 0.0752212389380531 0.0594059405940594
2 0.7876106194690266 0.5495049504950495 0.07079646017699115 0.0594059405940594
2 0.3230088495575221 0.19801980198019803 0.03982300884955752 0.07920792079207921
3 0.4690265486725664 0.3217821782178218 0.07964601769911504 0.0891089108910891
3 0.8053097345132744 0.7574257425742574 0.04424778761061947 0.06435643564356436
3 0.5 0.11386138613861387 0.05309734513274336 0.04950495049504951
