0 0.18141592920353983 0.10891089108910891 0.07079646017699115 0.09900990099009901
0 0.7743362831858407 0.0891089108910891 0.07079646017699115 0.07920792079207921
0 0.8982300884955752 0.21287128712871287 0.07079646017699115 0.07425742574257425
1 0.8230088495575221 0.38613861386138615 0.06637168141592921 0.08415841584158416
1 0.22123893805309736 0.2871287128712871 0.05752212389380531 0.07920792079207921
1 0.3893805309734513 0.7970297029702971 0.06637168141592921 0.08415841584158416
1 0.24778761061946902 0.36633663366336633 0.05752212389380531 0.06435643564356436
2 0.7699115044247787 0.04455445544554455 0.07079646017699115 0.0594059405940594
2 0.09292035398230089 0.20297029702970298 0.06637168141592921 0.0594059405940594
3 0.6592920353982301 0.7178217821782178 0.0752212389380531 0.0594059405940594
4 0.41150442477876104 0.0594059405940594 0.05309734513274336 0.0594059405940594
