0 0.084070796460177 0.8514851485148515 0.084070796460177 0.08415841584158416
1 0.7300884955752213 0.6188118811881188 0.07964601769911504 0.07425742574257425
1 0.6946902654867256 0.37623762376237624 0.07079646017699115 0.08415841584158416
1 0.18141592920353983 0.6831683168316832 0.07964601769911504 0.06930693069306931
1 0.5 0.4207920792079208 0.061946902654867256 0.08415841584158416
1 0.6460176991150443 0.8613861386138614 0.084070796460177 0.06930693069306931
2 0.04424778761061947 0.3811881188118812 0.084070796460177 0.06435643564356436
2 0.3185840707964602 0.7524752475247525 0.07079646017699115 0.0594059405940594
2 0.588495575221239 0.3712871287128713 0.061946902654867256 0.06930693069306931
2 0.20353982300884957 0.8663366336633663 0.0752212389380531 0.06435643564356436
4 0.3274336283185841 0.8366336633663366 0.05309734513274336 0.07920792079207921
