0 0.7876106194690266 0.20297029702970298 0.061946902654867256 0.0891089108910891
0 0.6194690265486725 0.8415841584158416 0.07079646017699115 0.07920792079207921
0 0.37610619469026546 0.13366336633663367 0.07079646017699115 0.0891089108910891
0 0.8141592920353983 0.4207920792079208 0.084070796460177 0.08415841584158416
0 0.584070796460177 0.5148514851485149 0.084070796460177 0.06930693069306931
1 0.43805309734513276 0.5742574257425742 0.06637168141592921 0.07425742574257425
1 0.40707964601769914 0.1485148514851485 0.084070796460177 0.0891089108910891
3 0.05309734513274336 0.12871287128712872 0.05752212389380531 0.04455445544554455
3 0.3893805309734513 0.21287128712871287 0.0752212389380531 0.054455445544554455
3 0.24778761061946902 0.07425742574257425 0.061946902654867256 0.07425742574257425
4 0.29646017699115046 0.3118811881188119 0.05309734513274336 0.054455445544554455
