0 0.084070796460177 0.06435643564356436 0.07964601769911504 0.06930693069306931
0 0.6106194690265486 0.6485148514851485 0.09292035398230089 0.0891089108910891
0 0.10176991150442478 0.14356435643564355 0.08849557522123894 0.10891089108910891
0 0.5309734513274337 0.45544554455445546 0.09292035398230089 0.0891089108910891
1 0.42035398230088494 0.7277227722772277 0.08849557522123894 0.09405940594059406
2 0.28761061946902655 0.6534653465346535 0.07079646017699115 0.08415841584158416
3 0.39823008849557523 0.07920792079207921 0.05309734513274336 0.08415841584158416
3 0.11946902654867257 0.0 0.07079646017699115 0.0891089108910891
3 0.5353982300884956 0.504950495049505 0.04424778761061947 0.054455445544554455
3 0.8938053097345132 0.27722772277227725 0.0752212389380531 0.054455445544554455
4 0.3053097345132743 0.3118811881188119 0.061946902654867256 0.06435643564356436
