0 0.6592920353982301 0.39603960396039606 0.09292035398230089 0.09900990099009901
0 0.2345132743362832 0.32673267326732675 0.084070796460177 0.0891089108910891
0 0.42920353982300885 0.009900990099009901 0.0752212389380531 0.09900990099009901
0 0.49557522123893805 0.054455445544554455 0.07964601769911504 0.08415841584158416
1 0.35398230088495575 0.5495049504950495 0.07964601769911504 0.07425742574257425
1 0.23893805309734514 0.5891089108910891 0.06637168141592921 0.06930693069306931
1 0.5619469026548672 0.5396039603960396 0.07964601769911504 0.06930693069306931
2 0.7079646017699115 0.6435643564356436 0.07964601769911504 0.0594059405940594
3 0.4247787610619469 0.297029702970297 0.05752212389380531 0.06435643564356436
3 0.915929203539823 0.4306930693069307 0.05752212389380531 0.06435643564356436
