0 0.8893805309734514 0.6881188118811881 0.06637168141592921 0.08415841584158416
0 0.7345132743362832 0.8712871287128713 0.08849557522123894 0.09900990099009901
0 0.7433628318584071 0.7227722772277227 0.06637168141592921 0.06930693069306931
0 0.061946902654867256 0.4801980198019802 0.08849557522123894 0.08415841584158416
0 0.915929203539823 0.5198019801980198 0.07079646017699115 0.06930693069306931
1 0.49557522123893805 0.8514851485148515 0.061946902654867256 0.0891089108910891
3 0.8893805309734514 0.3910891089108911 0.05752212389380531 0.0891089108910891
3 0.5707964601769911 0.297029702970297 0.04424778761061947 0.04455445544554455
3 0.4646017699115044 0.8465346534653465 0.06637168141592921 0.04950495049504951
3 0.19469026548672566 0.16336633663366337 0.04424778761061947 0.06435643564356436
4 0.5221238938053098 0.6732673267326733 0.07079646017699115 0.054455445544554455
