0 0.5929203539823009 0.5099009900990099 0.08849557522123894 0.07920792079207921
0 0.8230088495575221 0.06435643564356436 0.0752212389380531 0.06930693069306931
0 0.4424778761061947 0.7376237623762376 0.0752212389380531 0.07920792079207921
0 0.7212389380530974 0.40594059405940597 0.06637168141592921 0.09900990099009901
0 0.15486725663716813 0.12871287128712872 0.07964601769911504 0.09405940594059406
1 0.5486725663716814 0.7079207920792079 0.06637168141592921 0.09405940594059406
1 0.06637168141592921 0.46534653465346537 0.084070796460177 0.07425742574257425
1 0.7743362831858407 0.7623762376237624 0.061946902654867256 0.07425742574257425
1 0.17699115044247787 0.1782178217821782 0.07964601769911504 0.0891089108910891
3 0.6769911504424779 0.0 0.06637168141592921 0.0891089108910891
4 0.46017699115044247 0.3069306930693069 0.05752212389380531 0.07425742574257425
