0 0.4336283185840708 0.5693069306930693 0.0752212389380531 0.0891089108910891
0 0.7566371681415929 0.039603960396039604 0.07964601769911504 0.08415841584158416
0 0.05309734513274336 0.2376237623762376 0.09292035398230089 0.07920792079207921
1 0.29646017699115046 0.46534653465346537 0.084070796460177 0.10396039603960396
1 0.0752212389380531 0.297029702970297 0.0752212389380531 0.0594059405940594
2 0.8185840707964602 0.7673267326732673 0.061946902654867256 0.054455445544554455
2 0.14601769911504425 0.1188118811881188 0.07079646017699115 0.06435643564356436
3 0.8185840707964602 0.4504950495049505 0.0752212389380531 0.07920792079207921
3 0.2079646017699115 0.18811881188118812 0.05752212389380531 0.06435643564356436
3 0.13716814159292035 0.18811881188118812 0.05752212389380531 0.0594059405940594
4 0.03982300884955752 0.33663366336633666 0.07079646017699115 0.07425742574257425
