0 0.1415929203539823 0.905940594059406 0.07079646017699115 0.06435643564356436
0 0.38495575221238937 0.4405940594059406 0.06637168141592921 0.07920792079207921
2 0.7920353982300885 0.4801980198019802 0.06637168141592921 0.08415841584158416
2 0.588495575221239 0.0297029702970297 0.07964601769911504 0.07425742574257425
2 0.23008849557522124 0.09900990099009901 0.048672566371681415 0.06435643564356436
3 0.5619469026548672 0.2079207920792079 0.07964601769911504 0.0594059405940594
3 0.5973451327433629 0.7574257425742574 0.03982300884955752 0.07425742574257425
3 0.8761061946902655 0.8762376237623762 0.07079646017699115 0.07425742574257425
3 0.6592920353982301 0.7376237623762376 0.035398230088495575 0.04455445544554455
3 0.017699115044247787 0.8316831683168316 0.061946902654867256 0.07425742574257425
