0 0.5 0.8316831683168316 0.07079646017699115 0.08415841584158416
0 0.7876106194690266 0.8118811881188119 0.07079646017699115 0.06435643564356436
1 0.8849557522123894 0.8118811881188119 0.0752212389380531 0.09405940594059406
1 0.7477876106194691 0.3465346534653465 0.0752212389380531 0.07920792079207921
1 0.911504424778761 0.8366336633663366 0.0752212389380531 0.07920792079207921
1 0.3185840707964602 0.24752475247524752 0.08849557522123894 0.07425742574257425
1 0.08849557522123894 0.12376237623762376 0.05309734513274336 0.07920792079207921
2 0.3230088495575221 0.6287128712871287 0.084070796460177 0.0594059405940594
2 0.49557522123893805 0.6732673267326733 0.05752212389380531 0.06435643564356436
2 0.2831858407079646 0.905940594059406 0.061946902654867256 0.06930693069306931
4 0.8584070796460177 0.8564356435643564 0.06637168141592921 0.0594059405940594
