0 0.42035398230088494 0.09405940594059406 0.06637168141592921 0.09405940594059406
0 0.8761061946902655 0.8316831683168316 0.061946902654867256 0.0891089108910891
1 0.6283185840707964 0.7277227722772277 0.06637168141592921 0.07920792079207921
1 0.17256637168141592 0.24752475247524752 0.07964601769911504 0.10396039603960396
1 0.035398230088495575 0.8663366336633663 0.07964601769911504 0.0891089108910891
2 0.2079646017699115 0.9257425742574258 0.06637168141592921 0.054455445544554455
2 0.3053097345132743 0.7673267326732673 0.07079646017699115 0.07920792079207921
2 0.19911504424778761 0.21782178217821782 0.061946902654867256 0.054455445544554455
3 0.38495575221238937 0.44554455445544555 0.061946902654867256 0.0594059405940594
3 0.20353982300884957 0.26732673267326734 0.07079646017699115 0.06930693069306931
