0 0.2920353982300885 0.6633663366336634 0.061946902654867256 0.07425742574257425
0 0.8053097345132744 0.35148514851485146 0.07079646017699115 0.08415841584158416
0 0.48672566371681414 0.905940594059406 0.084070796460177 0.0891089108910891
0 0.7035398230088495 0.27722772277227725 0.084070796460177 0.10396039603960396
0 0.1504424778761062 0.2376237623762376 0.07964601769911504 0.09900990099009901
1 0.02654867256637168 0.20297029702970298 0.0752212389380531 0.09900990099009901
3 0.17699115044247787 0.5099009900990099 0.05752212389380531 0.08415841584158416
3 0.05309734513274336 0.6138613861386139 0.05309734513274336 0.07425742574257425
3 0.6946902654867256 0.024752475247524754 0.048672566371681415 0.08415841584158416
3 0.3805309734513274 0.7128712871287128 0.07079646017699115 0.07920792079207921
4 0.37168141592920356 0.4504950495049505 0.05309734513274336 0.07425742574257425
