0 0.5486725663716814 0.900990099009901 0.09292035398230089 0.06930693069306931
0 0.0752212389380531 0.024752475247524754 0.06637168141592921 0.07425742574257425
0 0.584070796460177 0.14356435643564355 0.09292035398230089 0.08415841584158416
0 0.9203539823008849 0.8514851485148515 0.06637168141592921 0.07920792079207921
0 0.37610619469026546 0.5148514851485149 0.06637168141592921 0.08415841584158416
3 0.5486725663716814 0.3465346534653465 0.061946902654867256 0.06930693069306931
3 0.09734513274336283 0.3316831683168317 0.07079646017699115 0.054455445544554455
3 0.45132743362831856 0.504950495049505 0.05752212389380531 0.054455445544554455
3 0.19911504424778761 0.27722772277227725 0.048672566371681415 0.054455445544554455
3 0.09734513274336283 0.6881188118811881 0.0752212389380531 0.06435643564356436
