1 0.11504424778761062 0.19801980198019803 0.06637168141592921 0.0891089108910891
2 0.004424778761061947 0.4405940594059406 0.06637168141592921 0.06435643564356436
2 0.8761061946902655 0.22277227722772278 0.05752212389380531 0.06435643564356436
2 0.6106194690265486 0.41089108910891087 0.07079646017699115 0.054455445544554455
2 0.33185840707964603 0.4752475247524752 0.0752212389380531 0.07920792079207921
2 0.6946902654867256 0.6435643564356436 0.06637168141592921 0.07425742574257425
3 0.8008849557522124 0.806930693069307 0.0752212389380531 0.06930693069306931
3 0.29646017699115046 0.42574257425742573 0.05752212389380531 0.07425742574257425
3 0.6415929203539823 0.4900990099009901 0.0752212389380531 0.07425742574257425
3 0.23893805309734514 0.3564356435643564 0.05752212389380531 0.0891089108910891
