0 0.831858407079646 0.5297029702970297 0.08849557522123894 0.07920792079207921
0 0.4823008849557522 0.04950495049504951 0.05752212389380531 0.07920792079207921
1 0.6991150442477876 0.15841584158415842 0.08849557522123894 0.08415841584158416
1 0.8805309734513275 0.2722772277227723 0.06637168141592921 0.07920792079207921
1 0.11061946902654868 0.13861386138613863 0.06637168141592921 0.08415841584158416
1 0.27876106194690264 0.7722772277227723 0.084070796460177 0.08415841584158416
1 0.3185840707964602 0.5346534653465347 0.07964601769911504 0.08415841584158416
2 0.13274336283185842 0.7722772277227723 0.05309734513274336 0.06435643564356436
2 0.7079646017699115 0.01485148514851485 0.07079646017699115 0.07425742574257425
2 0.6814159292035398 0.6386138613861386 0.048672566371681415 0.07425742574257425
