0 0.9070796460176991 0.6831683168316832 0.061946902654867256 0.06930693069306931
0 0.022123893805309734 0.7722772277227723 0.08849557522123894 0.08415841584158416
0 0.6548672566371682 0.9207920792079208 0.07964601769911504 0.07425742574257425
1 0.28761061946902655 0.22277227722772278 0.06637168141592921 0.06435643564356436
1 0.7610619469026548 0.7920792079207921 0.07964601769911504 0.07920792079207921
2 0.42035398230088494 0.48514851485148514 0.06637168141592921 0.054455445544554455
2 0.47345132743362833 0.06930693069306931 0.07964601769911504 0.07425742574257425
3 0.3053097345132743 0.7772277227722773 0.048672566371681415 0.054455445544554455
3 0.16371681415929204 0.7574257425742574 0.048672566371681415 0.07425742574257425
3 0.6238938053097345 0.32673267326732675 0.05309734513274336 0.04950495049504951
