0 0.33185840707964603 0.6831683168316832 0.08849557522123894 0.09405940594059406
0 0.588495575221239 0.13366336633663367 0.084070796460177 0.07920792079207921
0 0.24336283185840707 0.8910891089108911 0.07964601769911504 0.06930693069306931
1 0.5221238938053098 0.2376237623762376 0.061946902654867256 0.07920792079207921
1 0.8849557522123894 0.8910891089108911 0.05752212389380531 0.08415841584158416
1 0.17256637168141592 0.806930693069307 0.07964601769911504 0.09900990099009901
1 0.2743362831858407 0.21287128712871287 0.0752212389380531 0.07920792079207921
2 0.084070796460177 0.6584158415841584 0.05752212389380531 0.07920792079207921
2 0.10619469026548672 0.38613861386138615 0.061946902654867256 0.054455445544554455
3 0.4469026548672566 0.28217821782178215 0.048672566371681415 0.04950495049504951
4 0.4247787610619469 0.38613861386138615 0.04424778761061947 0.07920792079207921
