0 0.2345132743362832 0.43564356435643564 0.06637168141592921 0.07425742574257425
0 0.5973451327433629 0.4752475247524752 0.084070796460177 0.07425742574257425
0 0.40707964601769914 0.6782178217821783 0.07079646017699115 0.0891089108910891
0 0.7477876106194691 0.19801980198019803 0.084070796460177 0.08415841584158416
0 0.8628318584070797 0.8613861386138614 0.08849557522123894 0.09900990099009901
1 0.6592920353982301 0.5396039603960396 0.07079646017699115 0.07920792079207921
3 0.5752212389380531 0.21287128712871287 0.048672566371681415 0.04950495049504951
3 0.084070796460177 0.04950495049504951 0.05309734513274336 0.0594059405940594
3 0.5486725663716814 0.37623762376237624 0.05752212389380531 0.06930693069306931
3 0.4424778761061947 0.5792079207920792 0.061946902654867256 0.07425742574257425
4 0.827433628318584 0.6089108910891089 0.06637168141592921 0.07425742574257425
