1 0.4911504424778761 0.10891089108910891 0.07964601769911504 0.0891089108910891
1 0.5929203539823009 0.6584158415841584 0.06637168141592921 0.07425742574257425
1 0.23008849557522124 0.5792079207920792 0.061946902654867256 0.06930693069306931
2 0.8097345132743363 0.48514851485148514 0.06637168141592921 0.08415841584158416
2 0.26548672566371684 0.15346534653465346 0.07079646017699115 0.07425742574257425
2 0.45132743362831856 0.5742574257425742 0.07079646017699115 0.06435643564356436
2 0.14601769911504425 0.7623762376237624 0.05309734513274336 0.06435643564356436
2 0.6371681415929203 0.47029702970297027 0.05752212389380531 0.06435643564356436
3 0.42035398230088494 0.3811881188118812 0.035398230088495575 0.0594059405940594
3 0.5221238938053098 0.8613861386138614 0.061946902654867256 0.06435643564356436
4 0.0 0.297029702970297 0.061946902654867256 0.07425742574257425
