0 0.7212389380530974 0.10891089108910891 0.05752212389380531 0.0891089108910891
0 0.05309734513274336 0.25742574257425743 0.0752212389380531 0.09900990099009901
0 0.02654867256637168 0.3118811881188119 0.061946902654867256 0.0891089108910891
0 0.4026548672566372 0.27722772277227725 0.06637168141592921 0.07920792079207921
2 0.6991150442477876 0.7673267326732673 0.06637168141592921 0.06930693069306931
3 0.8761061946902655 0.7821782178217822 0.0752212389380531 0.07920792079207921
3 0.2831858407079646 0.6287128712871287 0.04424778761061947 0.06435643564356436
3 0.1592920353982301 0.04950495049504951 0.048672566371681415 0.04950495049504951
3 0.07964601769911504 0.8366336633663366 0.07964601769911504 0.0594059405940594
3 0.6637168141592921 0.7821782178217822 0.061946902654867256 0.06930693069306931
