0 0.4557522123893805 0.039603960396039604 0.08849557522123894 0.09405940594059406
0 0.37168141592920356 0.5346534653465347 0.07079646017699115 0.0891089108910891
1 0.2079646017699115 0.36633663366336633 0.08849557522123894 0.0891089108910891
1 0.9070796460176991 0.19801980198019803 0.0752212389380531 0.07920792079207921
1 0.9026548672566371 0.6089108910891089 0.09292035398230089 0.0891089108910891
1 0.8584070796460177 0.3910891089108911 0.07964601769911504 0.08415841584158416
2 0.25663716814159293 0.8613861386138614 0.05309734513274336 0.06435643564356436
2 0.5752212389380531 0.17326732673267325 0.0752212389380531 0.0594059405940594
2 0.8407079646017699 0.15841584158415842 0.05309734513274336 0.07920792079207921
3 0.8053097345132744 0.024752475247524754 0.061946902654867256 0.06930693069306931
