0 0.6371681415929203 0.4801980198019802 0.084070796460177 0.08415841584158416
1 0.7168141592920354 0.0 0.06637168141592921 0.07425742574257425
2 0.37168141592920356 0.19801980198019803 0.05752212389380531 0.06930693069306931
2 0.5663716814159292 0.801980198019802 0.0752212389380531 0.08415841584158416
2 0.5398230088495575 0.7623762376237624 0.06637168141592921 0.08415841584158416
2 0.26991150442477874 0.8168316831683168 0.05309734513274336 0.07920792079207921
3 0.8008849557522124 0.1188118811881188 0.061946902654867256 0.0594059405940594
3 0.6814159292035398 0.24752475247524752 0.04424778761061947 0.06435643564356436
3 0.6415929203539823 0.4801980198019802 0.07079646017699115 0.04950495049504951
3 0.43805309734513276 0.806930693069307 0.061946902654867256 0.0891089108910891
4 0.3495575221238938 0.905940594059406 0.0752212389380531 0.0594059405940594
