0 0.8716814159292036 0.7623762376237624 0.05752212389380531 0.06930693069306931
0 0.09734513274336283 0.6336633663366337 0.084070796460177 0.0891089108910891
1 0.17699115044247787 0.13366336633663367 0.084070796460177 0.08415841584158416
1 0.6902654867256637 0.16831683168316833 0.061946902654867256 0.06930693069306931
1 0.4469026548672566 0.46534653465346537 0.06637168141592921 0.09405940594059406
1 0.14601769911504425 0.3465346534653465 0.0752212389380531 0.0594059405940594
2 0.035398230088495575 0.8118811881188119 0.0752212389380531 0.07425742574257425
2 0.03982300884955752 0.6138613861386139 0.061946902654867256 0.0594059405940594
2 0.415929203539823 0.7920792079207921 0.02654867256637168 0.0891089108910891
3 0.030973451327433628 0.44554455445544555 0.07964601769911504 0.07425742574257425
