0 0.5530973451327433 0.8910891089108911 0.0752212389380531 0.07920792079207921
1 0.3230088495575221 0.33663366336633666 0.06637168141592921 0.07425742574257425
1 0.01327433628318584 0.8118811881188119 0.0752212389380531 0.0891089108910891
1 0.2610619469026549 0.4801980198019802 0.07079646017699115 0.07425742574257425
1 0.5530973451327433 0.3217821782178218 0.061946902654867256 0.09405940594059406
2 0.07079646017699115 0.6633663366336634 0.06637168141592921 0.054455445544554455
2 0.7610619469026548 0.8762376237623762 0.06637168141592921 0.07425742574257425
2 0.6327433628318584 0.7029702970297029 0.05752212389380531 0.0594059405940594
2 0.16371681415929204 0.7574257425742574 0.06637168141592921 0.07425742574257425
3 0.05309734513274336 0.7920792079207921 0.05309734513274336 0.07425742574257425
