0 0.08849557522123894 0.43564356435643564 0.061946902654867256 0.06435643564356436
0 0.6371681415929203 0.7772277227722773 0.05309734513274336 0.0891089108910891
1 0.8141592920353983 0.2623762376237624 0.0752212389380531 0.07425742574257425
1 0.26991150442477874 0.24752475247524752 0.07079646017699115 0.0594059405940594
2 0.8938053097345132 0.5247524752475248 0.061946902654867256 0.08415841584158416
2 0.29646017699115046 0.07920792079207921 0.061946902654867256 0.07920792079207921
2 0.7610619469026548 0.39603960396039606 0.05752212389380531 0.07425742574257425
3 0.5973451327433629 0.900990099009901 0.048672566371681415 0.07425742574257425
3 0.47345132743362833 0.5297029702970297 0.07079646017699115 0.06435643564356436
3 0.39823008849557523 0.1485148514851485 0.05309734513274336 0.054455445544554455
