0 0.34513274336283184 0.12376237623762376 0.07964601769911504 0.09405940594059406
0 0.6902654867256637 0.3217821782178218 0.0752212389380531 0.09900990099009901
0 0.20353982300884957 0.6039603960396039 0.0752212389380531 0.0891089108910891
1 0.12831858407079647 0.47029702970297027 0.061946902654867256 0.0594059405940594
2 0.1592920353982301 0.04950495049504951 0.0752212389380531 0.07920792079207921
2 0.8230088495575221 0.7227722772277227 0.05309734513274336 0.06435643564356436
3 0.9026548672566371 0.0891089108910891 0.035398230088495575 0.06435643564356436
3 0.02654867256637168 0.12376237623762376 0.05309734513274336 0.06930693069306931
3 0.8053097345132744 0.5297029702970297 0.048672566371681415 0.04455445544554455
3 0.30973451327433627 0.6683168316831684 0.048672566371681415 0.0594059405940594
