0 0.08849557522123894 0.3415841584158416 0.06637168141592921 0.08415841584158416
0 0.45132743362831856 0.8415841584158416 0.084070796460177 0.07920792079207921
0 0.05752212389380531 0.900990099009901 0.07079646017699115 0.07920792079207921
0 0.40707964601769914 0.024752475247524754 0.07964601769911504 0.10396039603960396
1 0.6902654867256637 0.46534653465346537 0.08849557522123894 0.07920792079207921
1 0.11061946902654868 0.04455445544554455 0.0752212389380531 0.08415841584158416
2 0.6371681415929203 0.24257425742574257 0.05752212389380531 0.06930693069306931
3 0.915929203539823 0.7376237623762376 0.0752212389380531 0.0594059405940594
3 0.38495575221238937 0.6336633663366337 0.048672566371681415 0.07425742574257425
3 0.7212389380530974 0.3811881188118812 0.0752212389380531 0.0594059405940594
4 0.5486725663716814 0.4900990099009901 0.05752212389380531 0.07920792079207921
