1 0.4911504424778761 0.8415841584158416 0.0752212389380531 0.054455445544554455
1 0.9070796460176991 0.19801980198019803 0.05752212389380531 0.06930693069306931
1 0.7654867256637168 0.6386138613861386 0.061946902654867256 0.07425742574257425
1 0.8407079646017699 0.19801980198019803 0.084070796460177 0.07425742574257425
2 0.1592920353982301 0.14356435643564355 0.05752212389380531 0.06930693069306931
2 0.6194690265486725 0.6683168316831684 0.061946902654867256 0.0594059405940594
2 0.911504424778761 0.1188118811881188 0.06637168141592921 0.0594059405940594
2 0.5575221238938053 0.43564356435643564 0.05309734513274336 0.054455445544554455
2 0.07079646017699115 0.8861386138613861 0.07079646017699115 0.06435643564356436
3 0.7389380530973452 0.16336633663366337 0.07079646017699115 0.07425742574257425
