0 0.45132743362831856 0.6782178217821783 0.08849557522123894 0.06930693069306931
0 0.8539823008849557 0.5 0.05752212389380531 0.08415841584158416
1 0.4690265486725664 0.30198019801980197 0.06637168141592921 0.06930693069306931
1 0.035398230088495575 0.8316831683168316 0.06637168141592921 0.08415841584158416
1 0.8893805309734514 0.6534653465346535 0.07079646017699115 0.09405940594059406
1 0.5088495575221239 0.7425742574257426 0.0752212389380531 0.09405940594059406
1 0.7920353982300885 0.28217821782178215 0.061946902654867256 0.06930693069306931
2 0.6814159292035398 0.7277227722772277 0.061946902654867256 0.0594059405940594
2 0.19469026548672566 0.504950495049505 0.07079646017699115 0.08415841584158416
2 0.8053097345132744 0.6237623762376238 0.03982300884955752 0.06930693069306931
4 0.8097345132743363 0.8910891089108911 0.06637168141592921 0.0891089108910891
