0 0.9292035398230089 0.6039603960396039 0.05752212389380531 0.06930693069306931
0 0.33185840707964603 0.31683168316831684 0.07964601769911504 0.07425742574257425
0 0.5398230088495575 0.3217821782178218 0.061946902654867256 0.08415841584158416
0 0.6858407079646017 0.40594059405940597 0.0752212389380531 0.07425742574257425
1 0.5309734513274337 0.9108910891089109 0.07964601769911504 0.06930693069306931
1 0.18584070796460178 0.36633663366336633 0.061946902654867256 0.06930693069306931
2 0.02654867256637168 0.8118811881188119 0.05752212389380531 0.08415841584158416
3 0.26991150442477874 0.27722772277227725 0.0752212389380531 0.0594059405940594
3 0.37610619469026546 0.5742574257425742 0.07079646017699115 0.07425742574257425
3 0.37168141592920356 0.4900990099009901 0.0752212389380531 0.06435643564356436
