0 0.11504424778761062 0.4752475247524752 0.084070796460177 0.09405940594059406
1 0.6371681415929203 0.40594059405940597 0.084070796460177 0.07425742574257425
1 0.22566371681415928 0.5297029702970297 0.06637168141592921 0.06435643564356436
1 0.8495575221238938 0.698019801980198 0.07964601769911504 0.06930693069306931
2 0.43805309734513276 0.693069306930693 0.07079646017699115 0.07920792079207921
2 0.5619469026548672 0.45544554455445546 0.048672566371681415 0.06435643564356436
2 0.26548672566371684 0.0 0.0752212389380531 0.07920792079207921
2 0.39823008849557523 0.2376237623762376 0.05309734513274336 0.06930693069306931
3 0.7433628318584071 0.7772277227722773 0.0752212389380531 0.06930693069306931
3 0.29646017699115046 0.3069306930693069 0.03982300884955752 0.07425742574257425
