0 0.3495575221238938 0.32673267326732675 0.07964601769911504 0.07920792079207921
0 0.7610619469026548 0.18316831683168316 0.084070796460177 0.07920792079207921
0 0.5707964601769911 0.8267326732673267 0.0752212389380531 0.08415841584158416
1 0.5973451327433629 0.24257425742574257 0.05752212389380531 0.06435643564356436
1 0.3230088495575221 0.5 0.07964601769911504 0.08415841584158416
1 0.6858407079646017 0.46534653465346537 0.061946902654867256 0.08415841584158416
1 0.12831858407079647 0.14356435643564355 0.09292035398230089 0.07920792079207921
2 0.017699115044247787 0.3910891089108911 0.0752212389380531 0.0594059405940594
2 0.3672566371681416 0.23267326732673269 0.0752212389380531 0.06930693069306931
3 0.668141592920354 0.0049504950495049506 0.06637168141592921 0.0891089108910891
4 0.8982300884955752 0.5693069306930693 0.07079646017699115 0.07920792079207921
