0 0.04424778761061947 0.04455445544554455 0.07079646017699115 0.07920792079207921
0 0.4026548672566372 0.504950495049505 0.084070796460177 0.10396039603960396
0 0.15486725663716813 0.7574257425742574 0.0752212389380531 0.0594059405940594
0 0.6548672566371682 0.6683168316831684 0.08849557522123894 0.10396039603960396
1 0.8672566371681416 0.07425742574257425 0.07964601769911504 0.0891089108910891
1 0.588495575221239 0.8217821782178217 0.0752212389380531 0.054455445544554455
1 0.8805309734513275 0.599009900990099 0.07079646017699115 0.07920792079207921
1 0.13274336283185842 0.7128712871287128 0.07079646017699115 0.06930693069306931
2 0.4778761061946903 0.5346534653465347 0.04424778761061947 0.06435643564356436
3 0.11504424778761062 0.6237623762376238 0.061946902654867256 0.06435643564356436
4 0.827433628318584 0.009900990099009901 0.07079646017699115 0.06930693069306931
