0 0.34513274336283184 0.8465346534653465 0.07079646017699115 0.07425742574257425
2 0.3008849557522124 0.21782178217821782 0.05752212389380531 0.07425742574257425
2 0.12831858407079647 0.5495049504950495 0.084070796460177 0.07920792079207921
2 0.0 0.6782178217821783 0.06637168141592921 0.07425742574257425
2 0.11946902654867257 0.5742574257425742 0.06637168141592921 0.06435643564356436
3 0.7522123893805309 0.0891089108910891 0.04424778761061947 0.039603960396039604
3 0.048672566371681415 0.5742574257425742 0.048672566371681415 0.0594059405940594
3 0.23893805309734514 0.297029702970297 0.04424778761061947 0.0594059405940594
3 0.9292035398230089 0.7673267326732673 0.04424778761061947 0.07425742574257425
3 0.5752212389380531 0.28217821782178215 0.05752212389380531 0.06930693069306931
4 0.004424778761061947 0.17326732673267325 0.061946902654867256 0.0891089108910891
