0 0.3584070796460177 0.6782178217821783 0.084070796460177 0.08415841584158416
0 0.05752212389380531 0.8465346534653465 0.06637168141592921 0.09405940594059406
0 0.5088495575221239 0.8861386138613861 0.084070796460177 0.07920792079207921
0 0.5530973451327433 0.009900990099009901 0.08849557522123894 0.09900990099009901
0 0.07079646017699115 0.5247524752475248 0.061946902654867256 0.06435643564356436
1 0.6106194690265486 0.10891089108910891 0.07964601769911504 0.06930693069306931
1 0.48672566371681414 0.4752475247524752 0.084070796460177 0.07425742574257425
3 0.47345132743362833 0.698019801980198 0.07079646017699115 0.06435643564356436
3 0.26548672566371684 0.3465346534653465 0.061946902654867256 0.06930693069306931
3 0.5663716814159292 0.22772277227722773 0.048672566371681415 0.06435643564356436
