0 0.827433628318584 0.806930693069307 0.084070796460177 0.0891089108910891
0 0.6814159292035398 0.8960396039603961 0.07079646017699115 0.0891089108910891
2 0.7477876106194691 0.8514851485148515 0.05752212389380531 0.07920792079207921
2 0.668141592920354 0.21782178217821782 0.0752212389380531 0.07425742574257425
2 0.34513274336283184 0.43564356435643564 0.05309734513274336 0.07920792079207921
3 0.05309734513274336 0.8118811881188119 0.05752212389380531 0.054455445544554455
3 0.8451327433628318 0.19801980198019803 0.06637168141592921 0.07920792079207921
3 0.09734513274336283 0.07920792079207921 0.05309734513274336 0.07425742574257425
3 0.8982300884955752 0.09900990099009901 0.061946902654867256 0.0594059405940594
3 0.07964601769911504 0.2722772277227723 0.06637168141592921 0.0594059405940594
