0 0.8053097345132744 0.8811881188118812 0.09292035398230089 0.0891089108910891
0 0.3008849557522124 0.5 0.084070796460177 0.09900990099009901
0 0.16371681415929204 0.6534653465346535 0.05752212389380531 0.06930693069306931
0 0.8716814159292036 0.10396039603960396 0.06637168141592921 0.06930693069306931
2 0.7212389380530974 0.297029702970297 0.05309734513274336 0.06930693069306931
3 0.05309734513274336 0.7970297029702971 0.06637168141592921 0.06930693069306931
3 0.8495575221238938 0.0049504950495049506 0.06637168141592921 0.06435643564356436
3 0.48672566371681414 0.2524752475247525 0.07079646017699115 0.08415841584158416
3 0.3495575221238938 0.36633663366336633 0.061946902654867256 0.06930693069306931
3 0.831858407079646 0.4207920792079208 0.061946902654867256 0.054455445544554455
