0 0.07079646017699115 0.47029702970297027 0.061946902654867256 0.09405940594059406
1 0.022123893805309734 0.6831683168316832 0.0752212389380531 0.09405940594059406
1 0.5353982300884956 0.44554455445544555 0.09292035398230089 0.0891089108910891
1 0.8716814159292036 0.5445544554455446 0.061946902654867256 0.06930693069306931
2 0.668141592920354 0.37623762376237624 0.07079646017699115 0.08415841584158416
2 0.03982300884955752 0.06435643564356436 0.06637168141592921 0.054455445544554455
2 0.3053097345132743 0.6039603960396039 0.07079646017699115 0.06435643564356436
2 0.38495575221238937 0.0891089108910891 0.05309734513274336 0.07920792079207921
3 0.7168141592920354 0.7326732673267327 0.048672566371681415 0.07920792079207921
3 0.12389380530973451 0.7326732673267327 0.06637168141592921 0.07920792079207921
