1 0.8982300884955752 0.8811881188118812 0.06637168141592921 0.0891089108910891
1 0.4247787610619469 0.20297029702970298 0.084070796460177 0.09405940594059406
1 0.4424778761061947 0.8861386138613861 0.084070796460177 0.06930693069306931
1 0.04424778761061947 0.18811881188118812 0.0752212389380531 0.06930693069306931
1 0.5530973451327433 0.5445544554455446 0.06637168141592921 0.04950495049504951
2 0.3584070796460177 0.15346534653465346 0.05752212389380531 0.06930693069306931
2 0.42920353982300885 0.21782178217821782 0.048672566371681415 0.0594059405940594
2 0.5929203539823009 0.6435643564356436 0.0752212389380531 0.08415841584158416
2 0.05752212389380531 0.6782178217821783 0.07079646017699115 0.06435643564356436
2 0.504424778761062 0.16831683168316833 0.07079646017699115 0.07920792079207921
4 0.6238938053097345 0.3217821782178218 0.07079646017699115 0.0891089108910891
