0 0.09292035398230089 0.5594059405940595 0.07079646017699115 0.07920792079207921
0 0.3805309734513274 0.054455445544554455 0.06637168141592921 0.0594059405940594
0 0.8584070796460177 0.039603960396039604 0.061946902654867256 0.0891089108910891
1 0.7433628318584071 0.36633663366336633 0.07079646017699115 0.0891089108910891
1 0.584070796460177 0.693069306930693 0.07079646017699115 0.0891089108910891
1 0.19469026548672566 0.6336633663366337 0.061946902654867256 0.04950495049504951
2 0.38495575221238937 0.43564356435643564 0.05752212389380531 0.0891089108910891
2 0.035398230088495575 0.22277227722772278 0.05309734513274336 0.06930693069306931
3 0.9247787610619469 0.019801980198019802 0.061946902654867256 0.08415841584158416
3 0.7168141592920354 0.039603960396039604 0.05752212389380531 0.06435643564356436
