0 0.7522123893805309 0.12376237623762376 0.08849557522123894 0.10396039603960396
0 0.42035398230088494 0.2722772277227723 0.07079646017699115 0.08415841584158416
0 0.2831858407079646 0.6782178217821783 0.0752212389380531 0.08415841584158416
1 0.6194690265486725 0.7970297029702971 0.0752212389380531 0.06930693069306931
2 0.45132743362831856 0.5693069306930693 0.05752212389380531 0.06435643564356436
2 0.7300884955752213 0.3415841584158416 0.07079646017699115 0.0594059405940594
3 0.3053097345132743 0.297029702970297 0.07079646017699115 0.07425742574257425
3 0.030973451327433628 0.16831683168316833 0.05752212389380531 0.07425742574257425
3 0.4911504424778761 0.20297029702970298 0.06637168141592921 0.06435643564356436
3 0.7566371681415929 0.7524752475247525 0.05752212389380531 0.07425742574257425
4 0.6946902654867256 0.034653465346534656 0.061946902654867256 0.07425742574257425
