1 0.30973451327433627 0.21782178217821782 0.084070796460177 0.07425742574257425
1 0.34513274336283184 0.6386138613861386 0.061946902654867256 0.07425742574257425
1 0.7920353982300885 0.25742574257425743 0.05752212389380531 0.06930693069306931
2 0.831858407079646 0.07425742574257425 0.07079646017699115 0.06930693069306931
2 0.34513274336283184 0.5247524752475248 0.061946902654867256 0.07920792079207921
2 0.2920353982300885 0.31683168316831684 0.07964601769911504 0.08415841584158416
2 0.8008849557522124 0.5445544554455446 0.0752212389380531 0.06930693069306931
2 0.8495575221238938 0.5445544554455446 0.06637168141592921 0.06435643564356436
3 0.22123893805309736 0.5742574257425742 0.07964601769911504 0.07920792079207921
3 0.17699115044247787 0.4306930693069307 0.07964601769911504 0.06435643564356436
