1 0.38495575221238937 0.3465346534653465 0.07964601769911504 0.06930693069306931
1 0.35398230088495575 0.14356435643564355 0.09292035398230089 0.07920792079207921
1 0.5619469026548672 0.594059405940594 0.06637168141592921 0.06930693069306931
1 0.3407079646017699 0.3217821782178218 0.084070796460177 0.0891089108910891
2 0.017699115044247787 0.4603960396039604 0.0752212389380531 0.0594059405940594
2 0.22123893805309736 0.25742574257425743 0.0752212389380531 0.07425742574257425
2 0.0 0.21782178217821782 0.0752212389380531 0.06435643564356436
2 0.8584070796460177 0.5742574257425742 0.05309734513274336 0.06930693069306931
2 0.5398230088495575 0.46534653465346537 0.05752212389380531 0.07920792079207921
3 0.17256637168141592 0.15346534653465346 0.03982300884955752 0.06435643564356436
4 0.9336283185840708 0.7970297029702971 0.05752212389380531 0.07425742574257425
