0 0.6991150442477876 0.6188118811881188 0.07964601769911504 0.07425742574257425
0 0.38495575221238937 0.1782178217821782 0.0752212389380531 0.0891089108910891
0 0.6017699115044248 0.6534653465346535 0.05752212389380531 0.06435643564356436
0 0.29646017699115046 0.31683168316831684 0.07964601769911504 0.10891089108910891
1 0.18141592920353983 0.6336633663366337 0.09734513274336283 0.08415841584158416
1 0.12831858407079647 0.9158415841584159 0.07964601769911504 0.06930693069306931
1 0.8185840707964602 0.009900990099009901 0.05309734513274336 0.06930693069306931
1 0.5088495575221239 0.36633663366336633 0.05309734513274336 0.0891089108910891
1 0.13274336283185842 0.599009900990099 0.07079646017699115 0.06435643564356436
2 0.4424778761061947 0.7623762376237624 0.05309734513274336 0.06930693069306931
