0 0.168141592920354 0.5 0.061946902654867256 0.09405940594059406
0 0.4646017699115044 0.801980198019802 0.084070796460177 0.07425742574257425
0 0.3584070796460177 0.26732673267326734 0.07079646017699115 0.08415841584158416
0 0.504424778761062 0.7376237623762376 0.0752212389380531 0.09405940594059406
1 0.017699115044247787 0.6485148514851485 0.061946902654867256 0.09405940594059406
2 0.7876106194690266 0.15346534653465346 0.05752212389380531 0.07425742574257425
3 0.022123893805309734 0.3465346534653465 0.05752212389380531 0.06435643564356436
3 0.415929203539823 0.693069306930693 0.061946902654867256 0.09405940594059406
3 0.6017699115044248 0.7920792079207921 0.06637168141592921 0.07920792079207921
3 0.05752212389380531 0.6386138613861386 0.07079646017699115 0.06930693069306931
