0 0.23008849557522124 0.5148514851485149 0.06637168141592921 0.0891089108910891
0 0.3672566371681416 0.0594059405940594 0.07964601769911504 0.07920792079207921
2 0.37168141592920356 0.45544554455445546 0.07079646017699115 0.0594059405940594
2 0.5221238938053098 0.900990099009901 0.05309734513274336 0.06930693069306931
2 0.8097345132743363 0.33663366336633666 0.061946902654867256 0.07920792079207921
3 0.23893805309734514 0.38613861386138615 0.04424778761061947 0.04455445544554455
3 0.0 0.2871287128712871 0.05309734513274336 0.04950495049504951
3 0.22123893805309736 0.7623762376237624 0.05752212389380531 0.0594059405940594
3 0.6061946902654868 0.6831683168316832 0.07964601769911504 0.04950495049504951
3 0.1415929203539823 0.4900990099009901 0.05309734513274336 0.06435643564356436
