1 0.11946902654867257 0.8267326732673267 0.07079646017699115 0.0891089108910891
1 0.911504424778761 0.5891089108910891 0.07079646017699115 0.08415841584158416
1 0.24336283185840707 0.6485148514851485 0.07964601769911504 0.08415841584158416
1 0.6769911504424779 0.7772277227722773 0.084070796460177 0.10891089108910891
1 0.4557522123893805 0.06930693069306931 0.0752212389380531 0.07920792079207921
2 0.7433628318584071 0.0049504950495049506 0.07079646017699115 0.06930693069306931
2 0.022123893805309734 0.5891089108910891 0.07079646017699115 0.054455445544554455
2 0.168141592920354 0.6782178217821783 0.06637168141592921 0.06930693069306931
2 0.5398230088495575 0.2871287128712871 0.05752212389380531 0.06930693069306931
2 0.1504424778761062 0.31683168316831684 0.061946902654867256 0.07425742574257425
4 0.7256637168141593 0.7326732673267327 0.05309734513274336 0.07425742574257425
