0 0.1902654867256637 0.19801980198019803 0.07964601769911504 0.08415841584158416
0 0.048672566371681415 0.0 0.084070796460177 0.07920792079207921
0 0.5309734513274337 0.31683168316831684 0.07079646017699115 0.07425742574257425
1 0.24336283185840707 0.3712871287128713 0.0752212389380531 0.06930693069306931
1 0.3185840707964602 0.08415841584158416 0.05309734513274336 0.07425742574257425
1 0.168141592920354 0.599009900990099 0.06637168141592921 0.09405940594059406
2 0.035398230088495575 0.3465346534653465 0.05752212389380531 0.06930693069306931
2 0.4823008849557522 0.3465346534653465 0.035398230088495575 0.08415841584158416
3 0.3230088495575221 0.7623762376237624 0.048672566371681415 0.06930693069306931
3 0.035398230088495575 0.3712871287128713 0.0752212389380531 0.0594059405940594
4 0.29646017699115046 0.5148514851485149 0.05752212389380531 0.06930693069306931
