1 0.7920353982300885 0.5297029702970297 0.05752212389380531 0.08415841584158416
1 0.6327433628318584 0.5148514851485149 0.07079646017699115 0.08415841584158416
1 0.8982300884955752 0.7871287128712872 0.0752212389380531 0.06930693069306931
1 0.7477876106194691 0.8514851485148515 0.06637168141592921 0.08415841584158416
1 0.7522123893805309 0.49504950495049505 0.07079646017699115 0.06435643564356436
2 0.16371681415929204 0.024752475247524754 0.05309734513274336 0.0594059405940594
2 0.4778761061946903 0.26732673267326734 0.07964601769911504 0.07425742574257425
2 0.18141592920353983 0.42574257425742573 0.05752212389380531 0.06435643564356436
2 0.25663716814159293 0.900990099009901 0.061946902654867256 0.07425742574257425
2 0.4778761061946903 0.5198019801980198 0.06637168141592921 0.06435643564356436
