0 0.40707964601769914 0.10396039603960396 0.07079646017699115 0.07425742574257425
0 0.3805309734513274 0.4504950495049505 0.0752212389380531 0.0891089108910891
0 0.9070796460176991 0.19801980198019803 0.07964601769911504 0.09405940594059406
0 0.3805309734513274 0.3910891089108911 0.0752212389380531 0.07920792079207921
1 0.18141592920353983 0.39603960396039606 0.0752212389380531 0.08415841584158416
1 0.22123893805309736 0.49504950495049505 0.06637168141592921 0.08415841584158416
2 0.12389380530973451 0.30198019801980197 0.07079646017699115 0.0891089108910891
3 0.7079646017699115 0.7227722772277227 0.0752212389380531 0.06930693069306931
3 0.23008849557522124 0.39603960396039606 0.07079646017699115 0.04950495049504951
3 0.5309734513274337 0.18811881188118812 0.04424778761061947 0.07425742574257425
