0 0.8893805309734514 0.019801980198019802 0.0752212389380531 0.06435643564356436
0 0.8451327433628318 0.8217821782178217 0.07079646017699115 0.07920792079207921
1 0.34513274336283184 0.31683168316831684 0.05752212389380531 0.07425742574257425
1 0.8097345132743363 0.5099009900990099 0.084070796460177 0.09900990099009901
1 0.5221238938053098 0.7970297029702971 0.084070796460177 0.08415841584158416
1 0.3053097345132743 0.09405940594059406 0.08849557522123894 0.09405940594059406
2 0.7831858407079646 0.400990099009901 0.061946902654867256 0.07920792079207921
2 0.3141592920353982 0.10891089108910891 0.048672566371681415 0.07425742574257425
2 0.2743362831858407 0.698019801980198 0.0752212389380531 0.07425742574257425
3 0.4911504424778761 0.15346534653465346 0.048672566371681415 0.07920792079207921
