1 0.915929203539823 0.054455445544554455 0.05752212389380531 0.09405940594059406
1 0.7168141592920354 0.8465346534653465 0.0752212389380531 0.08415841584158416
1 0.6415929203539823 0.5693069306930693 0.06637168141592921 0.09900990099009901
1 0.8672566371681416 0.5841584158415841 0.07079646017699115 0.08415841584158416
1 0.8407079646017699 0.13861386138613863 0.07079646017699115 0.09405940594059406
2 0.25663716814159293 0.13861386138613863 0.06637168141592921 0.07920792079207921
2 0.27876106194690264 0.5544554455445545 0.05752212389380531 0.06435643564356436
2 0.1902654867256637 0.3712871287128713 0.05309734513274336 0.07920792079207921
2 0.18141592920353983 0.16336633663366337 0.0752212389380531 0.06930693069306931
2 0.34513274336283184 0.43564356435643564 0.061946902654867256 0.06930693069306931
4 0.8185840707964602 0.20297029702970298 0.0752212389380531 0.07425742574257425
