0 0.6061946902654868 0.01485148514851485 0.061946902654867256 0.0891089108910891
0 0.5530973451327433 0.20297029702970298 0.06637168141592921 0.09405940594059406
1 0.02654867256637168 0.6534653465346535 0.05752212389380531 0.0594059405940594
2 0.42920353982300885 0.5297029702970297 0.05752212389380531 0.07920792079207921
2 0.672566371681416 0.5841584158415841 0.07079646017699115 0.054455445544554455
2 0.43805309734513276 0.3564356435643564 0.07079646017699115 0.07425742574257425
3 0.5663716814159292 0.4158415841584158 0.05752212389380531 0.07425742574257425
3 0.6415929203539823 0.400990099009901 0.06637168141592921 0.054455445544554455
3 0.831858407079646 0.5445544554455446 0.061946902654867256 0.06930693069306931
3 0.05309734513274336 0.2623762376237624 0.07079646017699115 0.054455445544554455
4 0.6017699115044248 0.12376237623762376 0.05309734513274336 0.06930693069306931
