0 0.23893805309734514 0.8811881188118812 0.08849557522123894 0.07920792079207921
0 0.8097345132743363 0.5445544554455446 0.0752212389380531 0.07920792079207921
0 0.7123893805309734 0.39603960396039606 0.05752212389380531 0.07920792079207921
0 0.33185840707964603 0.8712871287128713 0.07079646017699115 0.08415841584158416
1 0.10176991150442478 0.8366336633663366 0.061946902654867256 0.07425742574257425
2 0.6946902654867256 0.5148514851485149 0.07964601769911504 0.054455445544554455
3 0.17256637168141592 0.504950495049505 0.07079646017699115 0.07425742574257425
3 0.1504424778761062 0.6584158415841584 0.048672566371681415 0.06930693069306931
3 0.022123893805309734 0.1188118811881188 0.048672566371681415 0.07425742574257425
3 0.3053097345132743 0.5 0.061946902654867256 0.08415841584158416
