0 0.22566371681415928 0.15841584158415842 0.061946902654867256 0.0891089108910891
2 0.3230088495575221 0.22277227722772278 0.07079646017699115 0.0594059405940594
2 0.4911504424778761 0.19801980198019803 0.05752212389380531 0.0594059405940594
2 0.24336283185840707 0.8712871287128713 0.07079646017699115 0.0594059405940594
2 0.22123893805309736 0.3564356435643564 0.05752212389380531 0.06930693069306931
3 0.04424778761061947 0.0049504950495049506 0.05309734513274336 0.06930693069306931
3 0.07964601769911504 0.5099009900990099 0.0752212389380531 0.04950495049504951
3 0.8716814159292036 0.6287128712871287 0.06637168141592921 0.07425742574257425
3 0.09734513274336283 0.44554455445544555 0.061946902654867256 0.0891089108910891
3 0.672566371681416 0.7227722772277227 0.06637168141592921 0.06435643564356436
