0 0.6592920353982301 0.11386138613861387 0.0752212389380531 0.08415841584158416
0 0.6504424778761062 0.7128712871287128 0.061946902654867256 0.06930693069306931
0 0.5663716814159292 0.5544554455445545 0.07964601769911504 0.07920792079207921
0 0.0752212389380531 0.034653465346534656 0.084070796460177 0.0891089108910891
1 0.6858407079646017 0.9158415841584159 0.061946902654867256 0.07920792079207921
1 0.19911504424778761 0.19306930693069307 0.0752212389380531 0.0891089108910891
1 0.6371681415929203 0.6485148514851485 0.07964601769911504 0.0891089108910891
1 0.09292035398230089 0.8564356435643564 0.0752212389380531 0.07425742574257425
2 0.8053097345132744 0.18811881188118812 0.07079646017699115 0.0594059405940594
3 0.13716814159292035 0.1485148514851485 0.035398230088495575 0.039603960396039604
