0 0.5398230088495575 0.7623762376237624 0.0752212389380531 0.08415841584158416
1 0.17699115044247787 0.18811881188118812 0.061946902654867256 0.09405940594059406
1 0.8761061946902655 0.30198019801980197 0.05752212389380531 0.0891089108910891
2 0.3053097345132743 0.6237623762376238 0.05752212389380531 0.06930693069306931
2 0.5265486725663717 0.5742574257425742 0.03982300884955752 0.07920792079207921
2 0.1504424778761062 0.15841584158415842 0.048672566371681415 0.07425742574257425
2 0.017699115044247787 0.034653465346534656 0.07079646017699115 0.06930693069306931
3 0.1504424778761062 0.5247524752475248 0.05309734513274336 0.07920792079207921
3 0.6283185840707964 0.5792079207920792 0.05752212389380531 0.07920792079207921
3 0.5796460176991151 0.48514851485148514 0.05309734513274336 0.054455445544554455
