0 0.4557522123893805 0.3415841584158416 0.0752212389380531 0.07920792079207921
0 0.5796460176991151 0.8663366336633663 0.06637168141592921 0.07425742574257425
0 0.10176991150442478 0.5346534653465347 0.07964601769911504 0.07920792079207921
0 0.14601769911504425 0.7227722772277227 0.07079646017699115 0.08415841584158416
0 0.30973451327433627 0.23267326732673269 0.084070796460177 0.08415841584158416
1 0.6814159292035398 0.900990099009901 0.05752212389380531 0.06435643564356436
3 0.8008849557522124 0.11386138613861387 0.05309734513274336 0.07425742574257425
3 0.9380530973451328 0.8861386138613861 0.048672566371681415 0.0891089108910891
3 0.4557522123893805 0.6089108910891089 0.048672566371681415 0.07425742574257425
3 0.6106194690265486 0.20297029702970298 0.05752212389380531 0.06930693069306931
