0 0.04424778761061947 0.6237623762376238 0.07079646017699115 0.07425742574257425
0 0.6902654867256637 0.8762376237623762 0.07964601769911504 0.08415841584158416
0 0.2610619469026549 0.5891089108910891 0.07079646017699115 0.07920792079207921
0 0.6637168141592921 0.2623762376237624 0.07964601769911504 0.07425742574257425
0 0.5530973451327433 0.21287128712871287 0.061946902654867256 0.08415841584158416
1 0.831858407079646 0.2524752475247525 0.07964601769911504 0.06930693069306931
1 0.18141592920353983 0.3465346534653465 0.061946902654867256 0.07425742574257425
1 0.24778761061946902 0.4207920792079208 0.0752212389380531 0.07920792079207921
3 0.3672566371681416 0.4504950495049505 0.05309734513274336 0.06435643564356436
3 0.09734513274336283 0.04950495049504951 0.05752212389380531 0.07425742574257425
