0 0.11061946902654868 0.8613861386138614 0.06637168141592921 0.06930693069306931
0 0.15486725663716813 0.2722772277227723 0.07964601769911504 0.07425742574257425
0 0.19469026548672566 0.20297029702970298 0.0752212389380531 0.08415841584158416
0 0.4911504424778761 0.8514851485148515 0.084070796460177 0.09405940594059406
0 0.3008849557522124 0.8762376237623762 0.09734513274336283 0.09405940594059406
1 0.26548672566371684 0.7574257425742574 0.07964601769911504 0.06930693069306931
3 0.4336283185840708 0.17326732673267325 0.0752212389380531 0.04950495049504951
3 0.336283185840708 0.3811881188118812 0.05752212389380531 0.06930693069306931
3 0.25663716814159293 0.31683168316831684 0.084070796460177 0.0594059405940594
3 0.24778761061946902 0.7673267326732673 0.084070796460177 0.06435643564356436
4 0.10176991150442478 0.1485148514851485 0.05309734513274336 0.054455445544554455
