0 0.4336283185840708 0.5099009900990099 0.07079646017699115 0.09405940594059406
0 0.4424778761061947 0.7227722772277227 0.061946902654867256 0.07920792079207921
0 0.6150442477876106 0.40594059405940597 0.09292035398230089 0.09405940594059406
1 0.5 0.5693069306930693 0.07079646017699115 0.06435643564356436
1 0.48672566371681414 0.2376237623762376 0.06637168141592921 0.07425742574257425
1 0.8495575221238938 0.21782178217821782 0.05752212389380531 0.07425742574257425
1 0.2743362831858407 0.2524752475247525 0.0752212389380531 0.0891089108910891
2 0.4911504424778761 0.8811881188118812 0.07079646017699115 0.07920792079207921
2 0.2743362831858407 0.801980198019802 0.06637168141592921 0.0594059405940594
3 0.061946902654867256 0.4405940594059406 0.05309734513274336 0.06435643564356436
4 0.6194690265486725 0.4405940594059406 0.0752212389380531 0.07920792079207921
