0 0.8230088495575221 0.039603960396039604 0.061946902654867256 0.07920792079207921
0 0.7610619469026548 0.29207920792079206 0.07079646017699115 0.07425742574257425
2 0.5132743362831859 0.4900990099009901 0.07964601769911504 0.07920792079207921
2 0.4247787610619469 0.6435643564356436 0.061946902654867256 0.07425742574257425
2 0.7389380530973452 0.32673267326732675 0.0752212389380531 0.07920792079207921
3 0.252212389380531 0.17326732673267325 0.06637168141592921 0.06435643564356436
3 0.14601769911504425 0.13861386138613863 0.07964601769911504 0.06930693069306931
3 0.7920353982300885 0.31683168316831684 0.05309734513274336 0.0891089108910891
3 0.7212389380530974 0.7475247524752475 0.06637168141592921 0.07425742574257425
3 0.49557522123893805 0.6089108910891089 0.061946902654867256 0.07425742574257425
