0 0.35398230088495575 0.6336633663366337 0.09292035398230089 0.0891089108910891
0 0.2079646017699115 0.6237623762376238 0.0752212389380531 0.0891089108910891
1 0.30973451327433627 0.7920792079207921 0.05752212389380531 0.0891089108910891
1 0.09734513274336283 0.693069306930693 0.07964601769911504 0.07920792079207921
2 0.915929203539823 0.23267326732673269 0.061946902654867256 0.07425742574257425
2 0.6769911504424779 0.599009900990099 0.05309734513274336 0.054455445544554455
2 0.3230088495575221 0.29207920792079206 0.06637168141592921 0.0594059405940594
3 0.3008849557522124 0.6237623762376238 0.061946902654867256 0.0594059405940594
3 0.7699115044247787 0.806930693069307 0.061946902654867256 0.06435643564356436
3 0.008849557522123894 0.22277227722772278 0.0752212389380531 0.054455445544554455
