0 0.39823008849557523 0.6683168316831684 0.06637168141592921 0.06930693069306931
1 0.8008849557522124 0.0 0.07964601769911504 0.06435643564356436
1 0.6106194690265486 0.06435643564356436 0.08849557522123894 0.07425742574257425
1 0.831858407079646 0.19306930693069307 0.06637168141592921 0.06930693069306931
1 0.5973451327433629 0.8663366336633663 0.07964601769911504 0.06435643564356436
2 0.6327433628318584 0.3910891089108911 0.061946902654867256 0.06435643564356436
2 0.8053097345132744 0.42574257425742573 0.07079646017699115 0.06930693069306931
2 0.23893805309734514 0.8415841584158416 0.05752212389380531 0.06435643564356436
2 0.7876106194690266 0.5693069306930693 0.061946902654867256 0.06930693069306931
3 0.33185840707964603 0.15841584158415842 0.0752212389380531 0.07425742574257425
4 0.3938053097345133 0.5544554455445545 0.05752212389380531 0.054455445544554455
