1 0.3008849557522124 0.7871287128712872 0.061946902654867256 0.06930693069306931
1 0.38495575221238937 0.10891089108910891 0.0752212389380531 0.06930693069306931
1 0.15486725663716813 0.504950495049505 0.0752212389380531 0.08415841584158416
1 0.6548672566371682 0.6534653465346535 0.05309734513274336 0.06930693069306931
1 0.5309734513274337 0.3069306930693069 0.084070796460177 0.0891089108910891
2 0.37610619469026546 0.06435643564356436 0.061946902654867256 0.07425742574257425
2 0.168141592920354 0.7524752475247525 0.05752212389380531 0.06930693069306931
2 0.5973451327433629 0.6584158415841584 0.061946902654867256 0.0594059405940594
2 0.42920353982300885 0.0049504950495049506 0.07079646017699115 0.08415841584158416
2 0.2743362831858407 0.5841584158415841 0.06637168141592921 0.07920792079207921
4 0.8362831858407079 0.3910891089108911 0.0752212389380531 0.054455445544554455
