0 0.7522123893805309 0.504950495049505 0.07964601769911504 0.08415841584158416
0 0.46017699115044247 0.2722772277227723 0.084070796460177 0.10396039603960396
0 0.5 0.6881188118811881 0.061946902654867256 0.08415841584158416
0 0.5265486725663717 0.5693069306930693 0.0752212389380531 0.06930693069306931
0 0.6637168141592921 0.3415841584158416 0.07079646017699115 0.10396039603960396
1 0.5442477876106194 0.2524752475247525 0.0752212389380531 0.06930693069306931
1 0.8849557522123894 0.7524752475247525 0.06637168141592921 0.08415841584158416
1 0.7433628318584071 0.6386138613861386 0.09292035398230089 0.08415841584158416
1 0.7168141592920354 0.5445544554455446 0.061946902654867256 0.09405940594059406
1 0.28761061946902655 0.900990099009901 0.084070796460177 0.07425742574257425
