0 0.6283185840707964 0.4306930693069307 0.09292035398230089 0.06435643564356436
0 0.6814159292035398 0.30198019801980197 0.08849557522123894 0.08415841584158416
0 0.5353982300884956 0.2376237623762376 0.07079646017699115 0.06930693069306931
0 0.588495575221239 0.2871287128712871 0.07079646017699115 0.09405940594059406
0 0.084070796460177 0.25742574257425743 0.09734513274336283 0.10396039603960396
3 0.10619469026548672 0.400990099009901 0.06637168141592921 0.06930693069306931
3 0.23008849557522124 0.7178217821782178 0.05752212389380531 0.06930693069306931
3 0.7876106194690266 0.04455445544554455 0.07964601769911504 0.0594059405940594
3 0.030973451327433628 0.6732673267326733 0.0752212389380531 0.07425742574257425
3 0.8008849557522124 0.6782178217821783 0.03982300884955752 0.07425742574257425
4 0.6460176991150443 0.6089108910891089 0.06637168141592921 0.04950495049504951
