0 0.10619469026548672 0.42574257425742573 0.084070796460177 0.07425742574257425
0 0.7035398230088495 0.1782178217821782 0.084070796460177 0.09900990099009901
0 0.5442477876106194 0.10891089108910891 0.06637168141592921 0.07425742574257425
0 0.11061946902654868 0.3712871287128713 0.0752212389380531 0.0891089108910891
2 0.48672566371681414 0.3712871287128713 0.0752212389380531 0.06930693069306931
3 0.7699115044247787 0.18316831683168316 0.061946902654867256 0.0594059405940594
3 0.3141592920353982 0.18316831683168316 0.06637168141592921 0.07425742574257425
3 0.7743362831858407 0.7326732673267327 0.07964601769911504 0.06930693069306931
3 0.9380530973451328 0.9108910891089109 0.048672566371681415 0.06435643564356436
3 0.5707964601769911 0.7524752475247525 0.061946902654867256 0.08415841584158416
