0 0.4690265486725664 0.49504950495049505 0.05752212389380531 0.07920792079207921
0 0.18584070796460178 0.5346534653465347 0.07079646017699115 0.07425742574257425
0 0.6283185840707964 0.905940594059406 0.07079646017699115 0.06930693069306931
0 0.588495575221239 0.16336633663366337 0.06637168141592921 0.0594059405940594
0 0.911504424778761 0.13366336633663367 0.0752212389380531 0.09405940594059406
3 0.7123893805309734 0.3811881188118812 0.061946902654867256 0.06930693069306931
3 0.47345132743362833 0.7574257425742574 0.07079646017699115 0.08415841584158416
3 0.672566371681416 0.024752475247524754 0.07079646017699115 0.06435643564356436
3 0.084070796460177 0.10396039603960396 0.05752212389380531 0.07425742574257425
3 0.8097345132743363 0.07425742574257425 0.061946902654867256 0.0594059405940594
4 0.6238938053097345 0.7475247524752475 0.06637168141592921 0.054455445544554455
