0 0.28761061946902655 0.6188118811881188 0.0752212389380531 0.09900990099009901
0 0.030973451327433628 0.5742574257425742 0.07079646017699115 0.07425742574257425
1 0.1415929203539823 0.21287128712871287 0.05752212389380531 0.07425742574257425
1 0.6327433628318584 0.5495049504950495 0.09292035398230089 0.09405940594059406
2 0.37610619469026546 0.7772277227722773 0.06637168141592921 0.0594059405940594
2 0.46017699115044247 0.38613861386138615 0.05752212389380531 0.07425742574257425
2 0.07964601769911504 0.8316831683168316 0.05752212389380531 0.07920792079207921
3 0.49557522123893805 0.18316831683168316 0.05309734513274336 0.04950495049504951
3 0.415929203539823 0.25742574257425743 0.05752212389380531 0.054455445544554455
3 0.5442477876106194 0.5594059405940595 0.04424778761061947 0.06435643564356436
4 0.6460176991150443 0.7326732673267327 0.04424778761061947 0.054455445544554455
