0 0.5442477876106194 0.3118811881188119 0.07079646017699115 0.07425742574257425
0 0.22123893805309736 0.5247524752475248 0.05752212389380531 0.07920792079207921
0 0.911504424778761 0.7920792079207921 0.07079646017699115 0.09900990099009901
1 0.39823008849557523 0.9108910891089109 0.08849557522123894 0.06435643564356436
1 0.6460176991150443 0.7277227722772277 0.061946902654867256 0.07920792079207921
1 0.5309734513274337 0.5594059405940595 0.061946902654867256 0.07920792079207921
1 0.48672566371681414 0.2722772277227723 0.07964601769911504 0.0891089108910891
2 0.6371681415929203 0.5544554455445545 0.05309734513274336 0.0594059405940594
2 0.22566371681415928 0.6089108910891089 0.06637168141592921 0.054455445544554455
3 0.6548672566371682 0.7079207920792079 0.0752212389380531 0.09405940594059406
