0 0.022123893805309734 0.8217821782178217 0.07079646017699115 0.0594059405940594
0 0.6814159292035398 0.04950495049504951 0.07079646017699115 0.09900990099009901
1 0.10176991150442478 0.7970297029702971 0.09292035398230089 0.06930693069306931
1 0.2610619469026549 0.5198019801980198 0.06637168141592921 0.06930693069306931
2 0.19911504424778761 0.42574257425742573 0.05309734513274336 0.07425742574257425
2 0.26548672566371684 0.13366336633663367 0.061946902654867256 0.04950495049504951
2 0.8982300884955752 0.7227722772277227 0.07964601769911504 0.0594059405940594
3 0.5663716814159292 0.698019801980198 0.07079646017699115 0.0891089108910891
3 0.7654867256637168 0.7524752475247525 0.05309734513274336 0.0891089108910891
3 0.048672566371681415 0.7277227722772277 0.07079646017699115 0.07425742574257425
