0 0.8584070796460177 0.4306930693069307 0.06637168141592921 0.09900990099009901
0 0.3141592920353982 0.26732673267326734 0.03982300884955752 0.06435643564356436
2 0.3141592920353982 0.4900990099009901 0.06637168141592921 0.06435643564356436
2 0.8893805309734514 0.24257425742574257 0.07079646017699115 0.06435643564356436
2 0.6946902654867256 0.24257425742574257 0.0752212389380531 0.07425742574257425
3 0.49557522123893805 0.7722772277227723 0.07964601769911504 0.0891089108910891
3 0.6548672566371682 0.2376237623762376 0.0752212389380531 0.06435643564356436
3 0.7522123893805309 0.47029702970297027 0.07079646017699115 0.07920792079207921
3 0.5132743362831859 0.09405940594059406 0.05752212389380531 0.0594059405940594
3 0.8362831858407079 0.23267326732673269 0.05752212389380531 0.06435643564356436
