0 0.5752212389380531 0.16336633663366337 0.08849557522123894 0.09900990099009901
0 0.8805309734513275 0.6534653465346535 0.05752212389380531 0.09405940594059406
1 0.5132743362831859 0.06930693069306931 0.07964601769911504 0.0891089108910891
1 0.37610619469026546 0.3465346534653465 0.06637168141592921 0.0594059405940594
1 0.9203539823008849 0.3069306930693069 0.06637168141592921 0.08415841584158416
2 0.33185840707964603 0.599009900990099 0.07079646017699115 0.07425742574257425
2 0.45132743362831856 0.3217821782178218 0.061946902654867256 0.08415841584158416
2 0.7433628318584071 0.5099009900990099 0.084070796460177 0.0594059405940594
3 0.7123893805309734 0.054455445544554455 0.07964601769911504 0.07920792079207921
3 0.2345132743362832 0.3712871287128713 0.07079646017699115 0.08415841584158416
