0 0.18141592920353983 0.3811881188118812 0.07964601769911504 0.06930693069306931
0 0.6327433628318584 0.7128712871287128 0.07079646017699115 0.07425742574257425
0 0.12389380530973451 0.009900990099009901 0.08849557522123894 0.0891089108910891
0 0.5398230088495575 0.3069306930693069 0.084070796460177 0.08415841584158416
0 0.8982300884955752 0.28217821782178215 0.07079646017699115 0.09405940594059406
3 0.6415929203539823 0.693069306930693 0.048672566371681415 0.06435643564356436
3 0.6592920353982301 0.8168316831683168 0.03982300884955752 0.054455445544554455
3 0.16371681415929204 0.8861386138613861 0.05309734513274336 0.054455445544554455
3 0.5619469026548672 0.9108910891089109 0.05752212389380531 0.06435643564356436
3 0.8495575221238938 0.7623762376237624 0.05752212389380531 0.054455445544554455
