1 0.26991150442477874 0.01485148514851485 0.061946902654867256 0.07425742574257425
1 0.03982300884955752 0.7376237623762376 0.08849557522123894 0.0891089108910891
1 0.7079646017699115 0.8217821782178217 0.06637168141592921 0.07920792079207921
1 0.07964601769911504 0.7623762376237624 0.06637168141592921 0.09405940594059406
1 0.668141592920354 0.40594059405940597 0.084070796460177 0.09900990099009901
2 0.18141592920353983 0.3910891089108911 0.084070796460177 0.08415841584158416
2 0.3495575221238938 0.6336633663366337 0.0752212389380531 0.06435643564356436
2 0.23893805309734514 0.22772277227722773 0.07079646017699115 0.0891089108910891
2 0.20353982300884957 0.6683168316831684 0.048672566371681415 0.06930693069306931
2 0.1504424778761062 0.36633663366336633 0.048672566371681415 0.07920792079207921
4 0.5486725663716814 0.37623762376237624 0.05752212389380531 0.054455445544554455
