0 0.1504424778761062 0.2871287128712871 0.05309734513274336 0.0891089108910891
0 0.7123893805309734 0.8316831683168316 0.06637168141592921 0.07920792079207921
1 0.7566371681415929 0.8564356435643564 0.07964601769911504 0.09405940594059406
2 0.17256637168141592 0.41089108910891087 0.06637168141592921 0.06435643564356436
2 0.8716814159292036 0.7574257425742574 0.0752212389380531 0.07425742574257425
2 0.7876106194690266 0.32673267326732675 0.07079646017699115 0.06930693069306931
3 0.7300884955752213 0.5346534653465347 0.061946902654867256 0.06930693069306931
3 0.27876106194690264 0.04950495049504951 0.05752212389380531 0.08415841584158416
3 0.26991150442477874 0.39603960396039606 0.0752212389380531 0.0594059405940594
3 0.7433628318584071 0.4504950495049505 0.061946902654867256 0.054455445544554455
4 0.6460176991150443 0.10891089108910891 0.061946902654867256 0.06435643564356436
