0 0.3893805309734513 0.5643564356435643 0.07079646017699115 0.10396039603960396
0 0.7699115044247787 0.2871287128712871 0.0752212389380531 0.07920792079207921
0 0.22123893805309736 0.7722772277227723 0.07079646017699115 0.06435643564356436
0 0.5575221238938053 0.07425742574257425 0.09734513274336283 0.08415841584158416
0 0.6194690265486725 0.7772277227722773 0.07079646017699115 0.06930693069306931
1 0.5619469026548672 0.14356435643564355 0.07964601769911504 0.09900990099009901
3 0.4424778761061947 0.7326732673267327 0.048672566371681415 0.04950495049504951
3 0.831858407079646 0.12871287128712872 0.061946902654867256 0.06930693069306931
3 0.8893805309734514 0.15841584158415842 0.0752212389380531 0.054455445544554455
3 0.34513274336283184 0.4504950495049505 0.06637168141592921 0.06435643564356436
4 0.504424778761062 0.8613861386138614 0.06637168141592921 0.07425742574257425
