0 0.6371681415929203 0.7326732673267327 0.0752212389380531 0.0891089108910891
0 0.8584070796460177 0.28217821782178215 0.0752212389380531 0.09405940594059406
0 0.20353982300884957 0.48514851485148514 0.07079646017699115 0.0594059405940594
0 0.6902654867256637 0.24752475247524752 0.061946902654867256 0.06930693069306931
0 0.19469026548672566 0.5643564356435643 0.07964601769911504 0.0891089108910891
1 0.5929203539823009 0.29207920792079206 0.07964601769911504 0.07425742574257425
1 0.3185840707964602 0.3910891089108911 0.07964601769911504 0.07920792079207921
1 0.3495575221238938 0.3613861386138614 0.06637168141592921 0.0594059405940594
3 0.1504424778761062 0.7277227722772277 0.0752212389380531 0.06930693069306931
3 0.4690265486725664 0.24257425742574257 0.06637168141592921 0.06930693069306931
4 0.6017699115044248 0.5445544554455446 0.084070796460177 0.09405940594059406
