0 0.12831858407079647 0.32673267326732675 0.06637168141592921 0.07920792079207921
0 0.07079646017699115 0.21287128712871287 0.061946902654867256 0.054455445544554455
1 0.8539823008849557 0.40594059405940597 0.06637168141592921 0.08415841584158416
1 0.1592920353982301 0.38613861386138615 0.061946902654867256 0.07920792079207921
2 0.7964601769911505 0.47029702970297027 0.061946902654867256 0.08415841584158416
2 0.22566371681415928 0.7475247524752475 0.0752212389380531 0.0891089108910891
2 0.5442477876106194 0.7425742574257426 0.061946902654867256 0.07920792079207921
3 0.6283185840707964 0.900990099009901 0.07079646017699115 0.04950495049504951
3 0.33185840707964603 0.4306930693069307 0.07079646017699115 0.0594059405940594
3 0.6858407079646017 0.7970297029702971 0.061946902654867256 0.04950495049504951
4 0.7831858407079646 0.900990099009901 0.05752212389380531 0.06930693069306931
