0 0.20353982300884957 0.3217821782178218 0.0752212389380531 0.0891089108910891
1 0.7876106194690266 0.5891089108910891 0.07079646017699115 0.08415841584158416
1 0.20353982300884957 0.20297029702970298 0.061946902654867256 0.06930693069306931
1 0.3938053097345133 0.8613861386138614 0.06637168141592921 0.06930693069306931
2 0.6592920353982301 0.599009900990099 0.07079646017699115 0.07425742574257425
2 0.9203539823008849 0.07920792079207921 0.061946902654867256 0.06435643564356436
2 0.7168141592920354 0.6831683168316832 0.05309734513274336 0.07425742574257425
2 0.7787610619469026 0.46534653465346537 0.07079646017699115 0.07920792079207921
3 0.2168141592920354 0.4752475247524752 0.07079646017699115 0.0594059405940594
3 0.7654867256637168 0.8762376237623762 0.07079646017699115 0.07425742574257425
