0 0.16371681415929204 0.6435643564356436 0.084070796460177 0.09405940594059406
0 0.8407079646017699 0.6732673267326733 0.05309734513274336 0.09405940594059406
0 0.035398230088495575 0.504950495049505 0.08849557522123894 0.08415841584158416
1 0.46017699115044247 0.8910891089108911 0.07079646017699115 0.0891089108910891
2 0.41150442477876104 0.8465346534653465 0.0752212389380531 0.08415841584158416
2 0.5309734513274337 0.5198019801980198 0.07079646017699115 0.07425742574257425
3 0.11946902654867257 0.2079207920792079 0.04424778761061947 0.06930693069306931
3 0.831858407079646 0.23267326732673269 0.048672566371681415 0.0594059405940594
3 0.7610619469026548 0.3811881188118812 0.07079646017699115 0.08415841584158416
3 0.3230088495575221 0.11386138613861387 0.07079646017699115 0.06435643564356436
4 0.7300884955752213 0.19801980198019803 0.06637168141592921 0.09405940594059406
