0 0.8628318584070797 0.06930693069306931 0.084070796460177 0.06930693069306931
0 0.6946902654867256 0.22772277227722773 0.0752212389380531 0.07425742574257425
0 0.3185840707964602 0.6188118811881188 0.06637168141592921 0.09900990099009901
0 0.05752212389380531 0.599009900990099 0.05309734513274336 0.09405940594059406
0 0.6548672566371682 0.5346534653465347 0.05752212389380531 0.07920792079207921
1 0.5176991150442478 0.8910891089108911 0.08849557522123894 0.09900990099009901
1 0.7699115044247787 0.6881188118811881 0.07079646017699115 0.06435643564356436
3 0.6548672566371682 0.48514851485148514 0.05309734513274336 0.039603960396039604
3 0.7876106194690266 0.18811881188118812 0.06637168141592921 0.06930693069306931
3 0.1504424778761062 0.38613861386138615 0.06637168141592921 0.06930693069306931
