0 0.02654867256637168 0.4504950495049505 0.061946902654867256 0.07920792079207921
0 0.41150442477876104 0.6386138613861386 0.07964601769911504 0.09405940594059406
0 0.6238938053097345 0.5693069306930693 0.04424778761061947 0.07425742574257425
0 0.2168141592920354 0.6683168316831684 0.0752212389380531 0.07920792079207921
1 0.8185840707964602 0.16831683168316833 0.06637168141592921 0.09900990099009901
1 0.3185840707964602 0.7079207920792079 0.06637168141592921 0.06930693069306931
2 0.831858407079646 0.38613861386138615 0.061946902654867256 0.06435643564356436
3 0.5663716814159292 0.7029702970297029 0.05752212389380531 0.07425742574257425
3 0.2168141592920354 0.20297029702970298 0.06637168141592921 0.06930693069306931
3 0.3495575221238938 0.4504950495049505 0.061946902654867256 0.06930693069306931
