0 0.03982300884955752 0.11386138613861387 0.07079646017699115 0.07425742574257425
0 0.23893805309734514 0.024752475247524754 0.07964601769911504 0.08415841584158416
0 0.19469026548672566 0.17326732673267325 0.061946902654867256 0.09405940594059406
0 0.5929203539823009 0.5148514851485149 0.07964601769911504 0.07920792079207921
1 0.6194690265486725 0.15841584158415842 0.07079646017699115 0.06930693069306931
1 0.9336283185840708 0.7376237623762376 0.06637168141592921 0.07920792079207921
1 0.6371681415929203 0.4752475247524752 0.06637168141592921 0.09405940594059406
1 0.05309734513274336 0.6039603960396039 0.0752212389380531 0.07425742574257425
1 0.8053097345132744 0.504950495049505 0.06637168141592921 0.10396039603960396
2 0.13716814159292035 0.3811881188118812 0.0752212389380531 0.07425742574257425
