0 0.23893805309734514 0.4752475247524752 0.084070796460177 0.07920792079207921
0 0.4247787610619469 0.2871287128712871 0.0752212389380531 0.0891089108910891
0 0.5486725663716814 0.8712871287128713 0.07964601769911504 0.09900990099009901
0 0.23008849557522124 0.6534653465346535 0.061946902654867256 0.06930693069306931
0 0.6946902654867256 0.6831683168316832 0.06637168141592921 0.08415841584158416
1 0.017699115044247787 0.10891089108910891 0.06637168141592921 0.08415841584158416
1 0.7566371681415929 0.019801980198019802 0.061946902654867256 0.07425742574257425
3 0.24778761061946902 0.5346534653465347 0.04424778761061947 0.06930693069306931
3 0.02654867256637168 0.13366336633663367 0.05752212389380531 0.07920792079207921
3 0.7079646017699115 0.504950495049505 0.05309734513274336 0.06930693069306931
