1 0.3185840707964602 0.04455445544554455 0.07964601769911504 0.07920792079207921
1 0.03982300884955752 0.09405940594059406 0.0752212389380531 0.07920792079207921
2 0.7477876106194691 0.30198019801980197 0.04424778761061947 0.08415841584158416
2 0.3495575221238938 0.10396039603960396 0.05752212389380531 0.07425742574257425
2 0.26548672566371684 0.5148514851485149 0.05752212389380531 0.06435643564356436
2 0.4557522123893805 0.3069306930693069 0.05309734513274336 0.07920792079207921
2 0.06637168141592921 0.5 0.0752212389380531 0.07425742574257425
3 0.5353982300884956 0.7178217821782178 0.061946902654867256 0.06930693069306931
3 0.504424778761062 0.20297029702970298 0.06637168141592921 0.054455445544554455
3 0.8628318584070797 0.3910891089108911 0.05752212389380531 0.04950495049504951
4 0.9247787610619469 0.5495049504950495 0.05752212389380531 0.06435643564356436
