0 0.3938053097345133 0.7475247524752475 0.0752212389380531 0.08415841584158416
0 0.33185840707964603 0.06930693069306931 0.07079646017699115 0.0891089108910891
0 0.16371681415929204 0.7623762376237624 0.0752212389380531 0.07425742574257425
0 0.12389380530973451 0.39603960396039606 0.06637168141592921 0.08415841584158416
0 0.504424778761062 0.8861386138613861 0.09292035398230089 0.09405940594059406
1 0.7079646017699115 0.6782178217821783 0.07079646017699115 0.06930693069306931
3 0.12831858407079647 0.7475247524752475 0.06637168141592921 0.07920792079207921
3 0.02654867256637168 0.693069306930693 0.04424778761061947 0.07425742574257425
3 0.07964601769911504 0.8217821782178217 0.035398230088495575 0.04455445544554455
3 0.30973451327433627 0.3712871287128713 0.06637168141592921 0.06435643564356436
