2 0.3274336283185841 0.0297029702970297 0.048672566371681415 0.06930693069306931
2 0.6460176991150443 0.10891089108910891 0.07079646017699115 0.0594059405940594
2 0.23893805309734514 0.8811881188118812 0.07079646017699115 0.06435643564356436
2 0.8761061946902655 0.0891089108910891 0.06637168141592921 0.08415841584158416
2 0.5265486725663717 0.5297029702970297 0.07079646017699115 0.09405940594059406
3 0.35398230088495575 0.6584158415841584 0.05752212389380531 0.06435643564356436
3 0.11504424778761062 0.15841584158415842 0.061946902654867256 0.07425742574257425
3 0.8849557522123894 0.49504950495049505 0.048672566371681415 0.07425742574257425
3 0.5221238938053098 0.33663366336633666 0.061946902654867256 0.07425742574257425
3 0.8982300884955752 0.18316831683168316 0.05752212389380531 0.06930693069306931
4 0.20353982300884957 0.09405940594059406 0.05309734513274336 0.0594059405940594
