1 0.7566371681415929 0.24752475247524752 0.084070796460177 0.07920792079207921
1 0.2079646017699115 0.08415841584158416 0.08849557522123894 0.10396039603960396
1 0.5619469026548672 0.7425742574257426 0.07079646017699115 0.08415841584158416
1 0.09734513274336283 0.3910891089108911 0.07964601769911504 0.10396039603960396
1 0.168141592920354 0.3316831683168317 0.05752212389380531 0.06930693069306931
2 0.13274336283185842 0.29207920792079206 0.061946902654867256 0.06435643564356436
2 0.41150442477876104 0.4158415841584158 0.05752212389380531 0.07920792079207921
2 0.6150442477876106 0.04950495049504951 0.07079646017699115 0.0594059405940594
2 0.8539823008849557 0.6633663366336634 0.048672566371681415 0.07425742574257425
2 0.2920353982300885 0.01485148514851485 0.05309734513274336 0.06930693069306931
4 0.588495575221239 0.6782178217821783 0.06637168141592921 0.07920792079207921
