1 0.6460176991150443 0.2079207920792079 0.061946902654867256 0.07425742574257425
1 0.7920353982300885 0.20297029702970298 0.061946902654867256 0.07920792079207921
1 0.017699115044247787 0.07425742574257425 0.09292035398230089 0.07425742574257425
1 0.6814159292035398 0.37623762376237624 0.07964601769911504 0.06435643564356436
2 0.8539823008849557 0.19306930693069307 0.061946902654867256 0.07425742574257425
2 0.6460176991150443 0.6386138613861386 0.05752212389380531 0.06435643564356436
2 0.22566371681415928 0.698019801980198 0.06637168141592921 0.06930693069306931
2 0.28761061946902655 0.12376237623762376 0.048672566371681415 0.07920792079207921
2 0.8805309734513275 0.594059405940594 0.05752212389380531 0.06435643564356436
3 0.8230088495575221 0.35148514851485146 0.04424778761061947 0.04455445544554455
4 0.3893805309734513 0.7326732673267327 0.048672566371681415 0.054455445544554455
