0 0.1415929203539823 0.1188118811881188 0.06637168141592921 0.06435643564356436
1 0.827433628318584 0.07425742574257425 0.06637168141592921 0.07920792079207921
1 0.24778761061946902 0.4900990099009901 0.07079646017699115 0.09900990099009901
1 0.5221238938053098 0.3564356435643564 0.0752212389380531 0.07425742574257425
2 0.38495575221238937 0.38613861386138615 0.07964601769911504 0.06930693069306931
2 0.5663716814159292 0.5346534653465347 0.07964601769911504 0.06435643564356436
2 0.04424778761061947 0.6534653465346535 0.05309734513274336 0.054455445544554455
2 0.13274336283185842 0.8564356435643564 0.06637168141592921 0.06435643564356436
3 0.5929203539823009 0.8316831683168316 0.05309734513274336 0.07920792079207921
3 0.24778761061946902 0.7425742574257426 0.05752212389380531 0.054455445544554455
4 0.0752212389380531 0.297029702970297 0.061946902654867256 0.08415841584158416
