0 0.3053097345132743 0.3118811881188119 0.061946902654867256 0.06435643564356436
0 0.6371681415929203 0.18811881188118812 0.061946902654867256 0.08415841584158416
0 0.7566371681415929 0.4752475247524752 0.07964601769911504 0.06435643564356436
0 0.37610619469026546 0.4603960396039604 0.07079646017699115 0.0891089108910891
1 0.6371681415929203 0.17326732673267325 0.061946902654867256 0.08415841584158416
1 0.6150442477876106 0.2623762376237624 0.084070796460177 0.06435643564356436
2 0.6106194690265486 0.8712871287128713 0.05309734513274336 0.06930693069306931
3 0.19469026548672566 0.0 0.07964601769911504 0.04950495049504951
3 0.1592920353982301 0.6237623762376238 0.07079646017699115 0.09405940594059406
3 0.35398230088495575 0.3069306930693069 0.03982300884955752 0.04455445544554455
4 0.5619469026548672 0.5 0.05309734513274336 0.06930693069306931
