0 0.8185840707964602 0.5148514851485149 0.061946902654867256 0.09405940594059406
0 0.28761061946902655 0.6881188118811881 0.07079646017699115 0.08415841584158416
0 0.5929203539823009 0.20297029702970298 0.07079646017699115 0.07920792079207921
0 0.3805309734513274 0.35148514851485146 0.084070796460177 0.06435643564356436
0 0.25663716814159293 0.5 0.084070796460177 0.07920792079207921
1 0.252212389380531 0.3712871287128713 0.084070796460177 0.0891089108910891
3 0.5176991150442478 0.6237623762376238 0.061946902654867256 0.054455445544554455
3 0.19911504424778761 0.48514851485148514 0.07079646017699115 0.06435643564356436
3 0.13274336283185842 0.5198019801980198 0.03982300884955752 0.06435643564356436
3 0.10176991150442478 0.07920792079207921 0.05752212389380531 0.07425742574257425
4 0.10619469026548672 0.21782178217821782 0.084070796460177 0.07425742574257425
