0 0.911504424778761 0.693069306930693 0.07079646017699115 0.08415841584158416
0 0.8451327433628318 0.6683168316831684 0.07079646017699115 0.09405940594059406
0 0.8982300884955752 0.5495049504950495 0.05309734513274336 0.08415841584158416
1 0.004424778761061947 0.3811881188118812 0.05752212389380531 0.06930693069306931
1 0.29646017699115046 0.6039603960396039 0.06637168141592921 0.08415841584158416
2 0.27876106194690264 0.19801980198019803 0.0752212389380531 0.07425742574257425
2 0.16371681415929204 0.25742574257425743 0.06637168141592921 0.09405940594059406
3 0.7699115044247787 0.48514851485148514 0.05309734513274336 0.06930693069306931
3 0.42920353982300885 0.8415841584158416 0.0752212389380531 0.054455445544554455
3 0.48672566371681414 0.3118811881188119 0.04424778761061947 0.07425742574257425
