1 0.4557522123893805 0.2623762376237624 0.07079646017699115 0.09405940594059406
2 0.42920353982300885 0.3712871287128713 0.06637168141592921 0.07920792079207921
2 0.37610619469026546 0.7920792079207921 0.05309734513274336 0.06435643564356436
2 0.5486725663716814 0.7178217821782178 0.048672566371681415 0.06930693069306931
2 0.336283185840708 0.7574257425742574 0.06637168141592921 0.08415841584158416
2 0.7876106194690266 0.8514851485148515 0.05752212389380531 0.06435643564356436
3 0.9026548672566371 0.07425742574257425 0.048672566371681415 0.0891089108910891
3 0.2610619469026549 0.0891089108910891 0.05752212389380531 0.0891089108910891
3 0.9070796460176991 0.09900990099009901 0.05752212389380531 0.06435643564356436
3 0.8141592920353983 0.7970297029702971 0.05752212389380531 0.07425742574257425
4 0.1415929203539823 0.24752475247524752 0.05309734513274336 0.07920792079207921
