0 0.5707964601769911 0.3712871287128713 0.084070796460177 0.07920792079207921
0 0.3893805309734513 0.297029702970297 0.05752212389380531 0.07425742574257425
0 0.17256637168141592 0.13861386138613863 0.0752212389380531 0.06435643564356436
0 0.2345132743362832 0.3118811881188119 0.0752212389380531 0.07425742574257425
0 0.09292035398230089 0.7673267326732673 0.0752212389380531 0.06435643564356436
1 0.8849557522123894 0.8465346534653465 0.0752212389380531 0.09405940594059406
1 0.8008849557522124 0.6435643564356436 0.09292035398230089 0.09900990099009901
3 0.6637168141592921 0.6831683168316832 0.06637168141592921 0.07425742574257425
3 0.672566371681416 0.7277227722772277 0.07079646017699115 0.06435643564356436
3 0.29646017699115046 0.33663366336633666 0.07079646017699115 0.0891089108910891
