0 0.09292035398230089 0.7574257425742574 0.08849557522123894 0.06435643564356436
2 0.672566371681416 0.6633663366336634 0.061946902654867256 0.08415841584158416
2 0.20353982300884957 0.12376237623762376 0.05309734513274336 0.06930693069306931
2 0.8628318584070797 0.15346534653465346 0.05752212389380531 0.07920792079207921
2 0.24336283185840707 0.10396039603960396 0.05752212389380531 0.06930693069306931
3 0.3805309734513274 0.7970297029702971 0.0752212389380531 0.07920792079207921
3 0.6637168141592921 0.17326732673267325 0.061946902654867256 0.06435643564356436
3 0.3407079646017699 0.7970297029702971 0.061946902654867256 0.07425742574257425
3 0.3938053097345133 0.5 0.05752212389380531 0.07425742574257425
3 0.6460176991150443 0.594059405940594 0.05752212389380531 0.06930693069306931
