0 0.6858407079646017 0.37376237623762376 0.09734513274336283 0.10396039603960396
0 0.09734513274336283 0.7178217821782178 0.10619469026548672 0.10891089108910891
1 0.47345132743362833 0.12376237623762376 0.07079646017699115 0.09900990099009901
2 0.06858407079646017 0.08415841584158416 0.09292035398230089 0.10891089108910891
2 0.5796460176991151 0.21534653465346534 0.07079646017699115 0.07425742574257425
2 0.5442477876106194 0.905940594059406 0.07964601769911504 0.1188118811881188
3 0.7986725663716814 0.7846534653465347 0.09292035398230089 0.08415841584158416
3 0.14823008849557523 0.5767326732673267 0.0752212389380531 0.08415841584158416
3 0.6393805309734514 0.6955445544554455 0.06637168141592921 0.06435643564356436
3 0.8982300884955752 0.5222772277227723 0.07964601769911504 0.06435643564356436
4 0.9402654867256637 0.400990099009901 0.0752212389380531 0.06930693069306931
