0 0.5597345132743363 0.650990099009901 0.084070796460177 0.07425742574257425
1 0.7986725663716814 0.7079207920792079 0.09292035398230089 0.0891089108910891
1 0.046460176991150445 0.5074257425742574 0.06637168141592921 0.10396039603960396
1 0.32079646017699115 0.07920792079207921 0.0752212389380531 0.09900990099009901
2 0.29646017699115046 0.33910891089108913 0.07079646017699115 0.08415841584158416
2 0.7477876106194691 0.8094059405940595 0.07964601769911504 0.07425742574257425
2 0.8672566371681416 0.24504950495049505 0.08849557522123894 0.07425742574257425
2 0.5088495575221239 0.8762376237623762 0.061946902654867256 0.06930693069306931
3 0.09955752212389381 0.8168316831683168 0.09292035398230089 0.07920792079207921
3 0.11946902654867257 0.504950495049505 0.061946902654867256 0.06930693069306931
