0 0.7013274336283186 0.24752475247524752 0.084070796460177 0.0891089108910891
0 0.2809734513274336 0.8589108910891089 0.11061946902654868 0.12376237623762376
0 0.3495575221238938 0.6460396039603961 0.10619469026548672 0.11386138613861387
0 0.5287610619469026 0.3094059405940594 0.09292035398230089 0.09405940594059406
0 0.10619469026548672 0.47277227722772275 0.061946902654867256 0.11386138613861387
3 0.08185840707964602 0.2896039603960396 0.084070796460177 0.11386138613861387
3 0.6017699115044248 0.07920792079207921 0.09734513274336283 0.06930693069306931
3 0.061946902654867256 0.4282178217821782 0.05309734513274336 0.06435643564356436
3 0.6415929203539823 0.8094059405940595 0.09734513274336283 0.08415841584158416
3 0.28761061946902655 0.12128712871287128 0.07079646017699115 0.054455445544554455
