0 0.3495575221238938 0.556930693069307 0.08849557522123894 0.10396039603960396
1 0.04424778761061947 0.12871287128712872 0.07964601769911504 0.07920792079207921
2 0.2168141592920354 0.32425742574257427 0.061946902654867256 0.08415841584158416
2 0.665929203539823 0.6435643564356436 0.048672566371681415 0.09900990099009901
2 0.168141592920354 0.8613861386138614 0.061946902654867256 0.09900990099009901
2 0.6991150442477876 0.14108910891089108 0.08849557522123894 0.06435643564356436
3 0.4424778761061947 0.7797029702970297 0.07964601769911504 0.09405940594059406
3 0.6814159292035398 0.6683168316831684 0.07079646017699115 0.06930693069306931
3 0.5265486725663717 0.7722772277227723 0.061946902654867256 0.0891089108910891
3 0.8561946902654868 0.8242574257425742 0.0752212389380531 0.09405940594059406
