0 0.20353982300884957 0.844059405940594 0.10619469026548672 0.11386138613861387
0 0.22787610619469026 0.6534653465346535 0.084070796460177 0.10891089108910891
1 0.13716814159292035 0.844059405940594 0.09734513274336283 0.11386138613861387
2 0.6946902654867256 0.8465346534653465 0.07079646017699115 0.06930693069306931
2 0.3075221238938053 0.5445544554455446 0.084070796460177 0.0891089108910891
2 0.19911504424778761 0.400990099009901 0.07964601769911504 0.07920792079207921
3 0.6858407079646017 0.7524752475247525 0.05309734513274336 0.06930693069306931
3 0.05088495575221239 0.7623762376237624 0.05752212389380531 0.07920792079207921
3 0.4889380530973451 0.07178217821782178 0.0752212389380531 0.07425742574257425
3 0.9557522123893806 0.46782178217821785 0.07964601769911504 0.07425742574257425
