1 0.05088495575221239 0.27722772277227725 0.084070796460177 0.09900990099009901
2 0.22123893805309736 0.6014851485148515 0.07079646017699115 0.08415841584158416
2 0.8075221238938053 0.4975247524752475 0.05752212389380531 0.07425742574257425
2 0.16371681415929204 0.6955445544554455 0.05309734513274336 0.07425742574257425
2 0.5707964601769911 0.6311881188118812 0.061946902654867256 0.08415841584158416
2 0.8584070796460177 0.9133663366336634 0.061946902654867256 0.08415841584158416
3 0.4491150442477876 0.21782178217821782 0.06637168141592921 0.0891089108910891
3 0.26327433628318586 0.900990099009901 0.05752212389380531 0.07920792079207921
3 0.1902654867256637 0.20544554455445543 0.04424778761061947 0.09405940594059406
3 0.6305309734513275 0.5717821782178217 0.0752212389380531 0.08415841584158416
4 0.35176991150442477 0.07673267326732673 0.048672566371681415 0.06435643564356436
