0 0.7278761061946902 0.7698019801980198 0.0752212389380531 0.09405940594059406
1 0.6526548672566371 0.2376237623762376 0.06637168141592921 0.06930693069306931
2 0.6946902654867256 0.4876237623762376 0.061946902654867256 0.09405940594059406
2 0.7256637168141593 0.46782178217821785 0.10619469026548672 0.09405940594059406
2 0.6128318584070797 0.6707920792079208 0.084070796460177 0.09405940594059406
2 0.17920353982300885 0.9108910891089109 0.0752212389380531 0.07920792079207921
3 0.07300884955752213 0.36386138613861385 0.0752212389380531 0.09405940594059406
3 0.2721238938053097 0.25742574257425743 0.0752212389380531 0.09900990099009901
3 0.3606194690265487 0.9405940594059405 0.06637168141592921 0.07920792079207921
3 0.7168141592920354 0.8094059405940595 0.061946902654867256 0.09405940594059406
4 0.48672566371681414 0.8168316831683168 0.061946902654867256 0.06930693069306931
