0 0.4469026548672566 0.46534653465346537 0.09734513274336283 0.0594059405940594
0 0.9469026548672567 0.5420792079207921 0.061946902654867256 0.07425742574257425
0 0.4092920353982301 0.45792079207920794 0.0752212389380531 0.06435643564356436
1 0.6747787610619469 0.5470297029702971 0.11061946902654868 0.08415841584158416
1 0.922566371681416 0.7252475247524752 0.0752212389380531 0.08415841584158416
1 0.661504424778761 0.05198019801980198 0.084070796460177 0.08415841584158416
1 0.34513274336283184 0.948019801980198 0.07964601769911504 0.09405940594059406
1 0.8650442477876106 0.801980198019802 0.09292035398230089 0.10891089108910891
2 0.26327433628318586 0.039603960396039604 0.05752212389380531 0.07920792079207921
2 0.5862831858407079 0.5841584158415841 0.09292035398230089 0.07920792079207921
4 0.8783185840707964 0.7945544554455446 0.0752212389380531 0.09405940594059406
