1 0.36283185840707965 0.6237623762376238 0.08849557522123894 0.0891089108910891
1 0.49336283185840707 0.5396039603960396 0.10176991150442478 0.0891089108910891
1 0.581858407079646 0.6608910891089109 0.09292035398230089 0.06435643564356436
1 0.497787610619469 0.24752475247524752 0.084070796460177 0.07920792079207921
1 0.17920353982300885 0.3564356435643564 0.084070796460177 0.07920792079207921
2 0.497787610619469 0.2301980198019802 0.048672566371681415 0.07425742574257425
2 0.8915929203539823 0.2524752475247525 0.06637168141592921 0.0891089108910891
2 0.7300884955752213 0.46782178217821785 0.061946902654867256 0.08415841584158416
2 0.22566371681415928 0.36386138613861385 0.061946902654867256 0.07425742574257425
2 0.5132743362831859 0.3787128712871287 0.09734513274336283 0.08415841584158416
4 0.37610619469026546 0.4158415841584158 0.061946902654867256 0.0594059405940594
