0 0.6792035398230089 0.34405940594059403 0.0752212389380531 0.08415841584158416
0 0.1415929203539823 0.8341584158415841 0.07964601769911504 0.08415841584158416
2 0.6858407079646017 0.47029702970297027 0.061946902654867256 0.07920792079207921
2 0.168141592920354 0.8391089108910891 0.061946902654867256 0.08415841584158416
2 0.2743362831858407 0.5346534653465347 0.07079646017699115 0.07920792079207921
3 0.5265486725663717 0.5915841584158416 0.07079646017699115 0.06435643564356436
3 0.5597345132743363 0.7648514851485149 0.05752212389380531 0.06435643564356436
3 0.2743362831858407 0.8836633663366337 0.09734513274336283 0.09405940594059406
3 0.6747787610619469 0.19801980198019803 0.048672566371681415 0.0594059405940594
3 0.9358407079646017 0.9455445544554455 0.0752212389380531 0.10891089108910891
4 0.44026548672566373 0.2524752475247525 0.084070796460177 0.09900990099009901
