0 0.5619469026548672 0.33910891089108913 0.08849557522123894 0.10396039603960396
1 0.2588495575221239 0.44554455445544555 0.09292035398230089 0.10891089108910891
1 0.1747787610619469 0.8094059405940595 0.084070796460177 0.10396039603960396
1 0.7477876106194691 0.9306930693069307 0.07964601769911504 0.07920792079207921
1 0.3053097345132743 0.4628712871287129 0.07964601769911504 0.10396039603960396
1 0.6017699115044248 0.905940594059406 0.07079646017699115 0.10891089108910891
2 0.12168141592920353 0.32673267326732675 0.05752212389380531 0.07920792079207921
2 0.6216814159292036 0.7475247524752475 0.084070796460177 0.0891089108910891
2 0.7101769911504425 0.8886138613861386 0.048672566371681415 0.08415841584158416
2 0.9469026548672567 0.8960396039603961 0.08849557522123894 0.06930693069306931
