0 0.8584070796460177 0.6534653465346535 0.07964601769911504 0.07920792079207921
0 0.6814159292035398 0.25 0.061946902654867256 0.08415841584158416
0 0.7477876106194691 0.7425742574257426 0.09734513274336283 0.07920792079207921
0 0.15265486725663716 0.8292079207920792 0.048672566371681415 0.07425742574257425
0 0.03761061946902655 0.7797029702970297 0.0752212389380531 0.12376237623762376
1 0.9203539823008849 0.5693069306930693 0.07079646017699115 0.0594059405940594
1 0.36504424778761063 0.9405940594059405 0.084070796460177 0.07920792079207921
1 0.5243362831858407 0.36386138613861385 0.10176991150442478 0.12376237623762376
3 0.8053097345132744 0.8514851485148515 0.07079646017699115 0.0891089108910891
3 0.43805309734513276 0.5346534653465347 0.08849557522123894 0.07920792079207921
