0 0.6769911504424779 0.8638613861386139 0.07964601769911504 0.09405940594059406
0 0.35398230088495575 0.3589108910891089 0.07079646017699115 0.09405940594059406
1 0.8030973451327433 0.5866336633663366 0.09292035398230089 0.07425742574257425
1 0.6946902654867256 0.12376237623762376 0.10619469026548672 0.1188118811881188
2 0.18584070796460178 0.7326732673267327 0.08849557522123894 0.09900990099009901
2 0.4778761061946903 0.1806930693069307 0.07079646017699115 0.07425742574257425
2 0.4491150442477876 0.8118811881188119 0.09292035398230089 0.09900990099009901
3 0.5287610619469026 0.4381188118811881 0.06637168141592921 0.054455445544554455
3 0.588495575221239 0.34405940594059403 0.07079646017699115 0.07425742574257425
3 0.7654867256637168 0.46782178217821785 0.061946902654867256 0.09405940594059406
