0 0.334070796460177 0.09405940594059406 0.10176991150442478 0.07920792079207921
0 0.588495575221239 0.3316831683168317 0.07964601769911504 0.07920792079207921
0 0.7898230088495575 0.49504950495049505 0.05752212389380531 0.07920792079207921
0 0.20353982300884957 0.4183168316831683 0.09734513274336283 0.07425742574257425
1 0.28761061946902655 0.9084158415841584 0.09734513274336283 0.10396039603960396
1 0.4557522123893805 0.9405940594059405 0.07964601769911504 0.10891089108910891
1 0.8296460176991151 0.33910891089108913 0.10176991150442478 0.12376237623762376
2 0.5287610619469026 0.13861386138613863 0.06637168141592921 0.0594059405940594
3 0.8008849557522124 0.45792079207920794 0.07079646017699115 0.07425742574257425
3 0.43805309734513276 0.09900990099009901 0.061946902654867256 0.0891089108910891
