1 0.09734513274336283 0.16584158415841585 0.07964601769911504 0.09405940594059406
1 0.033185840707964605 0.5495049504950495 0.06637168141592921 0.10891089108910891
1 0.22787610619469026 0.9529702970297029 0.0752212389380531 0.08415841584158416
2 0.1504424778761062 0.5965346534653465 0.08849557522123894 0.10396039603960396
2 0.9092920353982301 0.698019801980198 0.048672566371681415 0.06930693069306931
2 0.7146017699115044 0.44801980198019803 0.05752212389380531 0.09405940594059406
2 0.09513274336283185 0.4628712871287129 0.09292035398230089 0.09405940594059406
2 0.75 0.6212871287128713 0.05752212389380531 0.06435643564356436
3 0.8694690265486725 0.6460396039603961 0.09292035398230089 0.08415841584158416
3 0.7787610619469026 0.12376237623762376 0.07079646017699115 0.0891089108910891
4 0.10619469026548672 0.42326732673267325 0.07079646017699115 0.09405940594059406
