0 0.7986725663716814 0.5915841584158416 0.084070796460177 0.07425742574257425
0 0.9269911504424779 0.698019801980198 0.084070796460177 0.0594059405940594
0 0.7477876106194691 0.8613861386138614 0.08849557522123894 0.07920792079207921
1 0.4557522123893805 0.34405940594059403 0.08849557522123894 0.11386138613861387
1 0.07964601769911504 0.8292079207920792 0.061946902654867256 0.06435643564356436
1 0.6880530973451328 0.5841584158415841 0.06637168141592921 0.10891089108910891
1 0.35176991150442477 0.4876237623762376 0.0752212389380531 0.08415841584158416
2 0.41150442477876104 0.3811881188118812 0.07964601769911504 0.07920792079207921
2 0.4690265486725664 0.08415841584158416 0.07079646017699115 0.06930693069306931
3 0.28982300884955753 0.2995049504950495 0.048672566371681415 0.09405940594059406
4 0.46238938053097345 0.8762376237623762 0.0752212389380531 0.09900990099009901
