0 0.33849557522123896 0.09900990099009901 0.09292035398230089 0.07920792079207921
2 0.6570796460176991 0.5767326732673267 0.084070796460177 0.06435643564356436
2 0.6792035398230089 0.14108910891089108 0.06637168141592921 0.08415841584158416
2 0.1261061946902655 0.5495049504950495 0.084070796460177 0.07920792079207921
2 0.09070796460176991 0.8589108910891089 0.084070796460177 0.07425742574257425
3 0.3230088495575221 0.3787128712871287 0.07964601769911504 0.08415841584158416
3 0.5287610619469026 0.8415841584158416 0.09292035398230089 0.07920792079207921
3 0.11061946902654868 0.8762376237623762 0.05309734513274336 0.06930693069306931
3 0.24778761061946902 0.1485148514851485 0.07964601769911504 0.06930693069306931
3 0.252212389380531 0.1782178217821782 0.07079646017699115 0.04950495049504951
