1 0.5597345132743363 0.3292079207920792 0.09292035398230089 0.11386138613861387
1 0.09734513274336283 0.6064356435643564 0.09734513274336283 0.09405940594059406
2 0.04424778761061947 0.7079207920792079 0.07079646017699115 0.0891089108910891
2 0.3075221238938053 0.5321782178217822 0.06637168141592921 0.08415841584158416
2 0.6924778761061947 0.3465346534653465 0.09292035398230089 0.10891089108910891
2 0.37610619469026546 0.5 0.08849557522123894 0.09900990099009901
2 0.581858407079646 0.9405940594059405 0.048672566371681415 0.10891089108910891
3 0.7389380530973452 0.44801980198019803 0.07964601769911504 0.07425742574257425
3 0.3274336283185841 0.5816831683168316 0.09734513274336283 0.06435643564356436
3 0.1836283185840708 0.9455445544554455 0.0752212389380531 0.07920792079207921
4 0.24336283185840707 0.11138613861386139 0.08849557522123894 0.09405940594059406
