1 0.06415929203539823 0.31683168316831684 0.06637168141592921 0.1188118811881188
2 0.3805309734513274 0.4282178217821782 0.07964601769911504 0.06435643564356436
2 0.661504424778761 0.48267326732673266 0.084070796460177 0.07425742574257425
2 0.7168141592920354 0.8094059405940595 0.07964601769911504 0.08415841584158416
2 0.10398230088495575 0.7475247524752475 0.084070796460177 0.0594059405940594
2 0.13053097345132744 0.5965346534653465 0.05752212389380531 0.09405940594059406
3 0.6902654867256637 0.3910891089108911 0.07964601769911504 0.06930693069306931
3 0.7566371681415929 0.7178217821782178 0.07079646017699115 0.07920792079207921
3 0.5508849557522124 0.8168316831683168 0.048672566371681415 0.04950495049504951
3 0.9314159292035398 0.24257425742574257 0.06637168141592921 0.07920792079207921
