0 0.5243362831858407 0.1608910891089109 0.084070796460177 0.09405940594059406
1 0.1592920353982301 0.8737623762376238 0.08849557522123894 0.07425742574257425
1 0.831858407079646 0.8787128712871287 0.10619469026548672 0.09405940594059406
1 0.6194690265486725 0.28217821782178215 0.09734513274336283 0.0891089108910891
2 0.21902654867256638 0.8712871287128713 0.05752212389380531 0.0891089108910891
2 0.6946902654867256 0.2202970297029703 0.07079646017699115 0.09405940594059406
2 0.19690265486725664 0.4282178217821782 0.0752212389380531 0.07425742574257425
2 0.05309734513274336 0.8118811881188119 0.07079646017699115 0.06930693069306931
3 0.3473451327433628 0.17574257425742573 0.10176991150442478 0.09405940594059406
3 0.9601769911504425 0.4381188118811881 0.07964601769911504 0.07425742574257425
4 0.8694690265486725 0.47277227722772275 0.0752212389380531 0.08415841584158416
