0 0.5486725663716814 0.400990099009901 0.08849557522123894 0.1188118811881188
0 0.7765486725663717 0.6608910891089109 0.10176991150442478 0.08415841584158416
0 0.7787610619469026 0.948019801980198 0.10619469026548672 0.07425742574257425
0 0.6504424778761062 0.7524752475247525 0.10619469026548672 0.09900990099009901
0 0.7787610619469026 0.3613861386138614 0.09734513274336283 0.07920792079207921
1 0.45132743362831856 0.24752475247524752 0.07964601769911504 0.0891089108910891
1 0.41150442477876104 0.46534653465346537 0.07964601769911504 0.09900990099009901
1 0.08185840707964602 0.09405940594059406 0.09292035398230089 0.09900990099009901
1 0.17699115044247787 0.5594059405940595 0.07079646017699115 0.10891089108910891
3 0.7101769911504425 0.07920792079207921 0.084070796460177 0.0891089108910891
