0 0.6393805309734514 0.8935643564356436 0.0752212389380531 0.11386138613861387
0 0.5685840707964602 0.41089108910891087 0.09292035398230089 0.07920792079207921
1 0.3008849557522124 0.5618811881188119 0.07964601769911504 0.10396039603960396
2 0.8451327433628318 0.40594059405940597 0.08849557522123894 0.0891089108910891
2 0.4424778761061947 0.8712871287128713 0.07079646017699115 0.1188118811881188
2 0.75 0.19801980198019803 0.09292035398230089 0.0891089108910891
3 0.2853982300884956 0.7920792079207921 0.084070796460177 0.0891089108910891
3 0.6283185840707964 0.46534653465346537 0.07079646017699115 0.0891089108910891
3 0.2920353982300885 0.6856435643564357 0.07079646017699115 0.08415841584158416
3 0.24557522123893805 0.31435643564356436 0.05752212389380531 0.11386138613861387
