0 0.911504424778761 0.5074257425742574 0.061946902654867256 0.12376237623762376
0 0.1592920353982301 0.7475247524752475 0.09734513274336283 0.0891089108910891
2 0.7477876106194691 0.4876237623762376 0.07964601769911504 0.07425742574257425
2 0.922566371681416 0.27722772277227725 0.0752212389380531 0.07920792079207921
2 0.5309734513274337 0.7475247524752475 0.07079646017699115 0.07920792079207921
3 0.9424778761061947 0.1311881188118812 0.07964601769911504 0.08415841584158416
3 0.5088495575221239 0.745049504950495 0.08849557522123894 0.06435643564356436
3 0.6327433628318584 0.801980198019802 0.07964601769911504 0.06930693069306931
3 0.922566371681416 0.37623762376237624 0.084070796460177 0.06930693069306931
3 0.1836283185840708 0.6435643564356436 0.05752212389380531 0.06930693069306931
