0 0.24336283185840707 0.05693069306930693 0.07964601769911504 0.09405940594059406
0 0.37389380530973454 0.12623762376237624 0.084070796460177 0.09405940594059406
0 0.5022123893805309 0.7599009900990099 0.06637168141592921 0.09405940594059406
1 0.8893805309734514 0.5915841584158416 0.07079646017699115 0.08415841584158416
1 0.6084070796460177 0.3712871287128713 0.084070796460177 0.07920792079207921
1 0.2809734513274336 0.7747524752475248 0.11061946902654868 0.10396039603960396
2 0.9292035398230089 0.6683168316831684 0.05309734513274336 0.09900990099009901
2 0.19247787610619468 0.9603960396039604 0.06637168141592921 0.07920792079207921
3 0.8252212389380531 0.46782178217821785 0.06637168141592921 0.054455445544554455
3 0.23672566371681417 0.6163366336633663 0.05752212389380531 0.09405940594059406
