0 0.6415929203539823 0.6410891089108911 0.08849557522123894 0.09405940594059406
0 0.8893805309734514 0.48267326732673266 0.07964601769911504 0.10396039603960396
0 0.834070796460177 0.48267326732673266 0.06637168141592921 0.10396039603960396
1 0.5486725663716814 0.3886138613861386 0.09734513274336283 0.08415841584158416
1 0.5951327433628318 0.16584158415841585 0.0752212389380531 0.09405940594059406
1 0.8738938053097345 0.7772277227722773 0.09292035398230089 0.06930693069306931
2 0.17699115044247787 0.9084158415841584 0.07964601769911504 0.10396039603960396
2 0.1172566371681416 0.801980198019802 0.048672566371681415 0.06930693069306931
3 0.3915929203539823 0.8168316831683168 0.0752212389380531 0.04950495049504951
3 0.415929203539823 0.05693069306930693 0.07964601769911504 0.08415841584158416
4 0.36283185840707965 0.9628712871287128 0.07964601769911504 0.054455445544554455
