0 0.3008849557522124 0.5668316831683168 0.07079646017699115 0.08415841584158416
1 0.9557522123893806 0.5074257425742574 0.07079646017699115 0.08415841584158416
1 0.28761061946902655 0.7400990099009901 0.08849557522123894 0.07425742574257425
2 0.6526548672566371 0.6014851485148515 0.06637168141592921 0.08415841584158416
2 0.7123893805309734 0.32425742574257427 0.07079646017699115 0.07425742574257425
2 0.7743362831858407 0.5247524752475248 0.061946902654867256 0.07920792079207921
2 0.5597345132743363 0.6905940594059405 0.06637168141592921 0.08415841584158416
3 0.22566371681415928 0.6361386138613861 0.07079646017699115 0.07425742574257425
3 0.1747787610619469 0.6410891089108911 0.05752212389380531 0.07425742574257425
3 0.05752212389380531 0.3712871287128713 0.07079646017699115 0.0891089108910891
4 0.9358407079646017 0.03712871287128713 0.084070796460177 0.07425742574257425
