0 0.18141592920353983 0.6831683168316832 0.09734513274336283 0.0594059405940594
0 0.23008849557522124 0.8242574257425742 0.07079646017699115 0.10396039603960396
0 0.252212389380531 0.3564356435643564 0.08849557522123894 0.07920792079207921
0 0.1504424778761062 0.13366336633663367 0.07079646017699115 0.0891089108910891
0 0.838495575221239 0.3465346534653465 0.09292035398230089 0.12871287128712872
1 0.08185840707964602 0.8811881188118812 0.0752212389380531 0.09900990099009901
1 0.9092920353982301 0.7648514851485149 0.10176991150442478 0.10396039603960396
1 0.7212389380530974 0.7871287128712872 0.07964601769911504 0.06930693069306931
1 0.45353982300884954 0.3118811881188119 0.0752212389380531 0.0594059405940594
3 0.5508849557522124 0.599009900990099 0.084070796460177 0.07920792079207921
4 0.5376106194690266 0.46534653465346537 0.0752212389380531 0.1188118811881188
