0 0.6283185840707964 0.12128712871287128 0.07964601769911504 0.10396039603960396
2 0.21017699115044247 0.31435643564356436 0.05752212389380531 0.08415841584158416
2 0.28761061946902655 0.16584158415841585 0.07079646017699115 0.08415841584158416
2 0.3561946902654867 0.7623762376237624 0.0752212389380531 0.07920792079207921
2 0.2920353982300885 0.25495049504950495 0.08849557522123894 0.11386138613861387
3 0.3008849557522124 0.8465346534653465 0.07079646017699115 0.09900990099009901
3 0.6084070796460177 0.2995049504950495 0.06637168141592921 0.07425742574257425
3 0.8185840707964602 0.7797029702970297 0.05309734513274336 0.06435643564356436
3 0.8849557522123894 0.806930693069307 0.061946902654867256 0.06930693069306931
3 0.9513274336283186 0.034653465346534656 0.09734513274336283 0.0594059405940594
4 0.4225663716814159 0.3118811881188119 0.0752212389380531 0.0594059405940594
