0 0.39601769911504425 0.26732673267326734 0.09292035398230089 0.10891089108910891
0 0.9491150442477876 0.35148514851485146 0.10176991150442478 0.07920792079207921
0 0.8296460176991151 0.5371287128712872 0.10176991150442478 0.10396039603960396
0 0.6017699115044248 0.28465346534653463 0.09734513274336283 0.07425742574257425
0 0.5221238938053098 0.9405940594059405 0.09734513274336283 0.06930693069306931
3 0.17920353982300885 0.2376237623762376 0.09292035398230089 0.09900990099009901
3 0.9535398230088495 0.0594059405940594 0.084070796460177 0.0891089108910891
3 0.04424778761061947 0.9183168316831684 0.061946902654867256 0.08415841584158416
3 0.24336283185840707 0.25495049504950495 0.07964601769911504 0.09405940594059406
3 0.10176991150442478 0.45544554455445546 0.10619469026548672 0.07920792079207921
