0 0.07743362831858407 0.07425742574257425 0.084070796460177 0.07920792079207921
0 0.6769911504424779 0.7054455445544554 0.08849557522123894 0.11386138613861387
0 0.8915929203539823 0.44801980198019803 0.11061946902654868 0.10396039603960396
0 0.4823008849557522 0.5272277227722773 0.07079646017699115 0.08415841584158416
0 0.9269911504424779 0.11386138613861387 0.06637168141592921 0.07920792079207921
1 0.08185840707964602 0.7400990099009901 0.06637168141592921 0.06435643564356436
1 0.665929203539823 0.42574257425742573 0.0752212389380531 0.09900990099009901
1 0.4336283185840708 0.30445544554455445 0.08849557522123894 0.11386138613861387
1 0.4004424778761062 0.12376237623762376 0.084070796460177 0.0891089108910891
3 0.5707964601769911 0.4381188118811881 0.061946902654867256 0.07425742574257425
