1 0.8805309734513275 0.6757425742574258 0.08849557522123894 0.10396039603960396
1 0.8694690265486725 0.8960396039603961 0.05752212389380531 0.06930693069306931
1 0.11504424778761062 0.6782178217821783 0.07964601769911504 0.0891089108910891
2 0.22123893805309736 0.6584158415841584 0.07964601769911504 0.09900990099009901
2 0.5 0.6485148514851485 0.07964601769911504 0.07920792079207921
2 0.2721238938053097 0.6782178217821783 0.10176991150442478 0.10891089108910891
2 0.42035398230088494 0.27970297029702973 0.07079646017699115 0.07425742574257425
2 0.2853982300884956 0.1782178217821782 0.10176991150442478 0.0891089108910891
3 0.9004424778761062 0.21287128712871287 0.06637168141592921 0.07920792079207921
3 0.21238938053097345 0.943069306930693 0.07964601769911504 0.09405940594059406
