0 0.6150442477876106 0.40594059405940597 0.07964601769911504 0.09900990099009901
0 0.7853982300884956 0.7079207920792079 0.09292035398230089 0.0891089108910891
1 0.8716814159292036 0.8267326732673267 0.07079646017699115 0.10891089108910891
2 0.31194690265486724 0.8663366336633663 0.06637168141592921 0.0891089108910891
2 0.6548672566371682 0.7648514851485149 0.07964601769911504 0.09405940594059406
2 0.24336283185840707 0.7698019801980198 0.09734513274336283 0.07425742574257425
3 0.24557522123893805 0.45792079207920794 0.05752212389380531 0.09405940594059406
3 0.8451327433628318 0.3910891089108911 0.061946902654867256 0.06930693069306931
3 0.8008849557522124 0.7747524752475248 0.08849557522123894 0.07425742574257425
3 0.39601769911504425 0.7673267326732673 0.0752212389380531 0.0594059405940594
