0 0.3915929203539823 0.7153465346534653 0.06637168141592921 0.08415841584158416
0 0.19911504424778761 0.5321782178217822 0.10619469026548672 0.08415841584158416
0 0.5022123893805309 0.5693069306930693 0.084070796460177 0.07920792079207921
1 0.9314159292035398 0.3069306930693069 0.0752212389380531 0.04950495049504951
2 0.48008849557522126 0.15346534653465346 0.09292035398230089 0.0891089108910891
2 0.9579646017699115 0.2079207920792079 0.084070796460177 0.09900990099009901
3 0.7433628318584071 0.8217821782178217 0.09734513274336283 0.06930693069306931
3 0.37389380530973454 0.5247524752475248 0.09292035398230089 0.0594059405940594
3 0.13274336283185842 0.18564356435643564 0.07964601769911504 0.054455445544554455
3 0.13938053097345132 0.9529702970297029 0.05752212389380531 0.07425742574257425
4 0.23672566371681417 0.5 0.09292035398230089 0.0891089108910891
