1 0.6747787610619469 0.17326732673267325 0.084070796460177 0.10891089108910891
1 0.6349557522123894 0.551980198019802 0.09292035398230089 0.09405940594059406
1 0.25 0.21782178217821782 0.06637168141592921 0.0891089108910891
1 0.8008849557522124 0.8341584158415841 0.10619469026548672 0.09405940594059406
1 0.48008849557522126 0.06930693069306931 0.09292035398230089 0.07920792079207921
2 0.35176991150442477 0.4900990099009901 0.09292035398230089 0.09900990099009901
2 0.7876106194690266 0.3118811881188119 0.07079646017699115 0.06930693069306931
2 0.23008849557522124 0.5965346534653465 0.08849557522123894 0.10396039603960396
2 0.7123893805309734 0.8836633663366337 0.07964601769911504 0.09405940594059406
2 0.8650442477876106 0.5420792079207921 0.06637168141592921 0.08415841584158416
