0 0.3274336283185841 0.25495049504950495 0.10619469026548672 0.08415841584158416
0 0.37610619469026546 0.8737623762376238 0.08849557522123894 0.08415841584158416
1 0.20353982300884957 0.6658415841584159 0.09734513274336283 0.09405940594059406
1 0.1570796460176991 0.7995049504950495 0.0752212389380531 0.10396039603960396
1 0.7566371681415929 0.16336633663366337 0.07964601769911504 0.0891089108910891
1 0.3075221238938053 0.3712871287128713 0.0752212389380531 0.07920792079207921
2 0.8915929203539823 0.6584158415841584 0.084070796460177 0.07920792079207921
2 0.18584070796460178 0.4381188118811881 0.061946902654867256 0.07425742574257425
2 0.1504424778761062 0.40594059405940597 0.07079646017699115 0.07920792079207921
3 0.2853982300884956 0.3787128712871287 0.048672566371681415 0.08415841584158416
4 0.8783185840707964 0.45544554455445546 0.084070796460177 0.07920792079207921
