2 0.6637168141592921 0.698019801980198 0.05309734513274336 0.07920792079207921
2 0.6415929203539823 0.07425742574257425 0.05309734513274336 0.0891089108910891
2 0.6570796460176991 0.594059405940594 0.05752212389380531 0.0891089108910891
2 0.7256637168141593 0.9183168316831684 0.061946902654867256 0.08415841584158416
2 0.6327433628318584 0.18316831683168316 0.061946902654867256 0.07920792079207921
3 0.1261061946902655 0.7896039603960396 0.03982300884955752 0.06435643564356436
3 0.8296460176991151 0.9405940594059405 0.06637168141592921 0.06930693069306931
3 0.5331858407079646 0.9232673267326733 0.06637168141592921 0.08415841584158416
3 0.2323008849557522 0.24257425742574257 0.084070796460177 0.09900990099009901
3 0.1747787610619469 0.42574257425742573 0.0752212389380531 0.0891089108910891
4 0.05752212389380531 0.26485148514851486 0.07964601769911504 0.09405940594059406
