0 0.06637168141592921 0.5767326732673267 0.061946902654867256 0.08415841584158416
0 0.7477876106194691 0.693069306930693 0.07964601769911504 0.0891089108910891
0 0.5730088495575221 0.41089108910891087 0.10176991150442478 0.09900990099009901
0 0.48008849557522126 0.08663366336633663 0.0752212389380531 0.11386138613861387
0 0.8362831858407079 0.36633663366336633 0.09734513274336283 0.0891089108910891
1 0.2013274336283186 0.6188118811881188 0.084070796460177 0.09900990099009901
1 0.4646017699115044 0.5544554455445545 0.07079646017699115 0.07920792079207921
1 0.12168141592920353 0.22772277227722773 0.0752212389380531 0.07920792079207921
1 0.6880530973451328 0.7252475247524752 0.084070796460177 0.10396039603960396
1 0.661504424778761 0.5965346534653465 0.084070796460177 0.07425742574257425
