2 0.6415929203539823 0.801980198019802 0.05309734513274336 0.06930693069306931
2 0.8230088495575221 0.2995049504950495 0.10619469026548672 0.08415841584158416
2 0.19690265486725664 0.5841584158415841 0.0752212389380531 0.0594059405940594
2 0.9004424778761062 0.943069306930693 0.0752212389380531 0.07425742574257425
2 0.41150442477876104 0.07920792079207921 0.07079646017699115 0.0594059405940594
3 0.5663716814159292 0.3118811881188119 0.07079646017699115 0.06930693069306931
3 0.7013274336283186 0.27970297029702973 0.084070796460177 0.07425742574257425
3 0.8606194690265486 0.08415841584158416 0.0752212389380531 0.0594059405940594
3 0.9137168141592921 0.8787128712871287 0.0752212389380531 0.10396039603960396
3 0.31194690265486724 0.6782178217821783 0.048672566371681415 0.0594059405940594
