0 0.5530973451327433 0.41089108910891087 0.07079646017699115 0.09900990099009901
0 0.19690265486725664 0.5024752475247525 0.09292035398230089 0.08415841584158416
0 0.035398230088495575 0.07425742574257425 0.07079646017699115 0.0891089108910891
1 0.9491150442477876 0.7202970297029703 0.0752212389380531 0.10396039603960396
1 0.5265486725663717 0.9554455445544554 0.08849557522123894 0.0891089108910891
1 0.5951327433628318 0.34405940594059403 0.10176991150442478 0.10396039603960396
1 0.7433628318584071 0.2524752475247525 0.061946902654867256 0.06930693069306931
1 0.05088495575221239 0.8811881188118812 0.084070796460177 0.0891089108910891
2 0.7588495575221239 0.12128712871287128 0.06637168141592921 0.07425742574257425
2 0.588495575221239 0.8836633663366337 0.07079646017699115 0.09405940594059406
4 0.413716814159292 0.900990099009901 0.084070796460177 0.09900990099009901
