1 0.7389380530973452 0.9381188118811881 0.09734513274336283 0.09405940594059406
1 0.17699115044247787 0.806930693069307 0.07079646017699115 0.1188118811881188
1 0.1747787610619469 0.7970297029702971 0.0752212389380531 0.09900990099009901
1 0.6991150442477876 0.4900990099009901 0.08849557522123894 0.09900990099009901
1 0.8871681415929203 0.09900990099009901 0.084070796460177 0.06930693069306931
2 0.7323008849557522 0.47029702970297027 0.084070796460177 0.07920792079207921
2 0.4247787610619469 0.3094059405940594 0.09734513274336283 0.08415841584158416
2 0.4557522123893805 0.3712871287128713 0.07964601769911504 0.07920792079207921
2 0.5265486725663717 0.8267326732673267 0.061946902654867256 0.06930693069306931
2 0.03761061946902655 0.6163366336633663 0.06637168141592921 0.08415841584158416
4 0.7345132743362832 0.7871287128712872 0.09734513274336283 0.0891089108910891
