0 0.48672566371681414 0.11633663366336634 0.07964601769911504 0.08415841584158416
0 0.8650442477876106 0.8985148514851485 0.084070796460177 0.09405940594059406
1 0.34292035398230086 0.8465346534653465 0.0752212389380531 0.10891089108910891
1 0.7389380530973452 0.3935643564356436 0.07079646017699115 0.10396039603960396
1 0.5597345132743363 0.2004950495049505 0.09292035398230089 0.09405940594059406
1 0.29646017699115046 0.6014851485148515 0.061946902654867256 0.07425742574257425
1 0.32079646017699115 0.4430693069306931 0.11061946902654868 0.10396039603960396
2 0.7212389380530974 0.9356435643564357 0.061946902654867256 0.06930693069306931
2 0.7522123893805309 0.4603960396039604 0.02654867256637168 0.09900990099009901
2 0.061946902654867256 0.27970297029702973 0.07079646017699115 0.08415841584158416
4 0.8915929203539823 0.5618811881188119 0.09292035398230089 0.06435643564356436
