0 0.4424778761061947 0.349009900990099 0.07964601769911504 0.08415841584158416
0 0.03761061946902655 0.8960396039603961 0.0752212389380531 0.10891089108910891
0 0.10398230088495575 0.6831683168316832 0.084070796460177 0.07920792079207921
1 0.39601769911504425 0.7153465346534653 0.0752212389380531 0.11386138613861387
1 0.25442477876106195 0.3613861386138614 0.0752212389380531 0.07920792079207921
1 0.7676991150442478 0.4306930693069307 0.0752212389380531 0.07920792079207921
2 0.2234513274336283 0.27970297029702973 0.0752212389380531 0.08415841584158416
2 0.4269911504424779 0.2524752475247525 0.0752212389380531 0.06930693069306931
3 0.41150442477876104 0.8514851485148515 0.07079646017699115 0.0891089108910891
3 0.665929203539823 0.9529702970297029 0.06637168141592921 0.06435643564356436
