0 0.4225663716814159 0.7896039603960396 0.11061946902654868 0.10396039603960396
0 0.5486725663716814 0.7079207920792079 0.09734513274336283 0.0891089108910891
0 0.5 0.6955445544554455 0.09734513274336283 0.09405940594059406
0 0.8716814159292036 0.19554455445544555 0.08849557522123894 0.11386138613861387
0 0.7411504424778761 0.4975247524752475 0.05752212389380531 0.09405940594059406
1 0.34513274336283184 0.8143564356435643 0.08849557522123894 0.07425742574257425
3 0.05088495575221239 0.6633663366336634 0.06637168141592921 0.07920792079207921
3 0.7765486725663717 0.6188118811881188 0.0752212389380531 0.0594059405940594
3 0.6570796460176991 0.5371287128712872 0.0752212389380531 0.054455445544554455
3 0.9601769911504425 0.2722772277227723 0.07964601769911504 0.09900990099009901
