0 0.665929203539823 0.7227722772277227 0.084070796460177 0.0891089108910891
0 0.915929203539823 0.08168316831683169 0.07964601769911504 0.08415841584158416
0 0.8296460176991151 0.6287128712871287 0.09292035398230089 0.0891089108910891
0 0.9424778761061947 0.039603960396039604 0.09734513274336283 0.07920792079207921
1 0.061946902654867256 0.4603960396039604 0.08849557522123894 0.09900990099009901
1 0.75 0.22524752475247525 0.0752212389380531 0.09405940594059406
1 0.32079646017699115 0.2599009900990099 0.0752212389380531 0.09405940594059406
1 0.7101769911504425 0.9455445544554455 0.0752212389380531 0.09900990099009901
2 0.5730088495575221 0.5915841584158416 0.084070796460177 0.06435643564356436
3 0.5486725663716814 0.12623762376237624 0.07079646017699115 0.09405940594059406
