0 0.9004424778761062 0.09900990099009901 0.10176991150442478 0.07920792079207921
0 0.11504424778761062 0.2747524752475248 0.07079646017699115 0.11386138613861387
0 0.7323008849557522 0.49257425742574257 0.0752212389380531 0.07425742574257425
1 0.13053097345132744 0.7722772277227723 0.09292035398230089 0.10891089108910891
1 0.2831858407079646 0.3787128712871287 0.09734513274336283 0.09405940594059406
1 0.09070796460176991 0.5742574257425742 0.09292035398230089 0.10891089108910891
1 0.2345132743362832 0.693069306930693 0.08849557522123894 0.10891089108910891
2 0.18141592920353983 0.6287128712871287 0.07079646017699115 0.09900990099009901
2 0.18141592920353983 0.07425742574257425 0.08849557522123894 0.07920792079207921
3 0.7123893805309734 0.49257425742574257 0.07964601769911504 0.10396039603960396
