0 0.22787610619469026 0.452970297029703 0.084070796460177 0.11386138613861387
0 0.9004424778761062 0.21782178217821782 0.09292035398230089 0.0891089108910891
1 0.11504424778761062 0.3613861386138614 0.07964601769911504 0.07920792079207921
1 0.1084070796460177 0.7871287128712872 0.084070796460177 0.07920792079207921
2 0.3473451327433628 0.8935643564356436 0.084070796460177 0.08415841584158416
2 0.1570796460176991 0.8539603960396039 0.0752212389380531 0.10396039603960396
2 0.7831858407079646 0.3712871287128713 0.061946902654867256 0.0891089108910891
3 0.6238938053097345 0.29207920792079206 0.07079646017699115 0.10891089108910891
3 0.21017699115044247 0.5371287128712872 0.084070796460177 0.08415841584158416
3 0.413716814159292 0.11633663366336634 0.06637168141592921 0.08415841584158416
