0 0.8982300884955752 0.13366336633663367 0.07964601769911504 0.0891089108910891
1 0.5995575221238938 0.6336633663366337 0.084070796460177 0.07920792079207921
2 0.5730088495575221 0.9455445544554455 0.0752212389380531 0.06930693069306931
2 0.2610619469026549 0.8094059405940595 0.08849557522123894 0.09405940594059406
2 0.661504424778761 0.551980198019802 0.084070796460177 0.09405940594059406
2 0.40707964601769914 0.5148514851485149 0.07964601769911504 0.07920792079207921
3 0.12168141592920353 0.43316831683168316 0.09292035398230089 0.11386138613861387
3 0.6504424778761062 0.9232673267326733 0.08849557522123894 0.07425742574257425
3 0.48672566371681414 0.27970297029702973 0.07079646017699115 0.07425742574257425
3 0.9314159292035398 0.4603960396039604 0.048672566371681415 0.06930693069306931
