1 0.8738938053097345 0.45792079207920794 0.10176991150442478 0.09405940594059406
1 0.6548672566371682 0.8836633663366337 0.08849557522123894 0.12376237623762376
1 0.9446902654867256 0.6287128712871287 0.084070796460177 0.09900990099009901
1 0.5862831858407079 0.8663366336633663 0.09292035398230089 0.10891089108910891
1 0.1415929203539823 0.18564356435643564 0.08849557522123894 0.09405940594059406
2 0.6880530973451328 0.06683168316831684 0.06637168141592921 0.08415841584158416
2 0.7831858407079646 0.4504950495049505 0.07964601769911504 0.06930693069306931
2 0.5353982300884956 0.5024752475247525 0.07079646017699115 0.06435643564356436
2 0.24778761061946902 0.3910891089108911 0.07079646017699115 0.09900990099009901
2 0.07964601769911504 0.3094059405940594 0.08849557522123894 0.10396039603960396
4 0.11504424778761062 0.5222772277227723 0.061946902654867256 0.09405940594059406
