0 0.7610619469026548 0.054455445544554455 0.08849557522123894 0.07920792079207921
0 0.7809734513274337 0.43564356435643564 0.0752212389380531 0.10891089108910891
0 0.08628318584070796 0.34405940594059403 0.06637168141592921 0.08415841584158416
0 0.9469026548672567 0.31683168316831684 0.10619469026548672 0.07920792079207921
1 0.6327433628318584 0.4628712871287129 0.08849557522123894 0.09405940594059406
1 0.9446902654867256 0.41089108910891087 0.10176991150442478 0.0891089108910891
1 0.5530973451327433 0.7326732673267327 0.07079646017699115 0.0594059405940594
2 0.26327433628318586 0.551980198019802 0.084070796460177 0.08415841584158416
3 0.4756637168141593 0.7128712871287128 0.05752212389380531 0.06930693069306931
3 0.6880530973451328 0.2103960396039604 0.03982300884955752 0.08415841584158416
4 0.6858407079646017 0.47029702970297027 0.061946902654867256 0.0891089108910891
