0 0.14823008849557523 0.11386138613861387 0.084070796460177 0.09900990099009901
0 0.7632743362831859 0.7178217821782178 0.09292035398230089 0.09900990099009901
0 0.9402654867256637 0.9034653465346535 0.084070796460177 0.08415841584158416
1 0.6415929203539823 0.23267326732673269 0.07079646017699115 0.10891089108910891
1 0.13716814159292035 0.15594059405940594 0.07964601769911504 0.07425742574257425
1 0.059734513274336286 0.8366336633663366 0.0752212389380531 0.09900990099009901
1 0.7101769911504425 0.7400990099009901 0.06637168141592921 0.09405940594059406
1 0.16150442477876106 0.8589108910891089 0.084070796460177 0.09405940594059406
2 0.8451327433628318 0.2079207920792079 0.061946902654867256 0.06930693069306931
2 0.5995575221238938 0.12623762376237624 0.05752212389380531 0.07425742574257425
