0 0.1261061946902655 0.14108910891089108 0.11061946902654868 0.09405940594059406
1 0.34513274336283184 0.28217821782178215 0.07964601769911504 0.0891089108910891
1 0.7809734513274337 0.8787128712871287 0.10176991150442478 0.09405940594059406
1 0.5619469026548672 0.5396039603960396 0.08849557522123894 0.0891089108910891
1 0.7234513274336283 0.8267326732673267 0.09292035398230089 0.10891089108910891
1 0.6150442477876106 0.3811881188118812 0.07964601769911504 0.10891089108910891
2 0.9092920353982301 0.8836633663366337 0.0752212389380531 0.09405940594059406
2 0.6261061946902655 0.44554455445544555 0.06637168141592921 0.0594059405940594
2 0.838495575221239 0.4282178217821782 0.0752212389380531 0.08415841584158416
2 0.7610619469026548 0.1806930693069307 0.09734513274336283 0.11386138613861387
