0 0.33185840707964603 0.44801980198019803 0.09734513274336283 0.09405940594059406
0 0.20353982300884957 0.2004950495049505 0.08849557522123894 0.12376237623762376
1 0.7743362831858407 0.3341584158415842 0.07964601769911504 0.11386138613861387
1 0.13495575221238937 0.5891089108910891 0.084070796460177 0.09900990099009901
1 0.12831858407079647 0.07920792079207921 0.08849557522123894 0.10891089108910891
1 0.6194690265486725 0.7351485148514851 0.07079646017699115 0.12376237623762376
2 0.17035398230088494 0.11633663366336634 0.084070796460177 0.054455445544554455
2 0.6261061946902655 0.6138613861386139 0.0752212389380531 0.07920792079207921
2 0.13053097345132744 0.504950495049505 0.084070796460177 0.06930693069306931
3 0.36504424778761063 0.7772277227722773 0.0752212389380531 0.06930693069306931
