1 0.3805309734513274 0.452970297029703 0.07079646017699115 0.10396039603960396
1 0.5486725663716814 0.3415841584158416 0.10619469026548672 0.07920792079207921
2 0.5663716814159292 0.297029702970297 0.08849557522123894 0.10891089108910891
2 0.3473451327433628 0.9455445544554455 0.06637168141592921 0.09900990099009901
2 0.1747787610619469 0.3217821782178218 0.084070796460177 0.0891089108910891
2 0.915929203539823 0.2623762376237624 0.07964601769911504 0.09900990099009901
2 0.46238938053097345 0.2599009900990099 0.0752212389380531 0.08415841584158416
3 0.9358407079646017 0.04455445544554455 0.0752212389380531 0.0891089108910891
3 0.32079646017699115 0.48267326732673266 0.05752212389380531 0.07425742574257425
3 0.831858407079646 0.29455445544554454 0.07079646017699115 0.07425742574257425
4 0.4004424778761062 0.3316831683168317 0.11061946902654868 0.06930693069306931
