0 0.8207964601769911 0.8415841584158416 0.0752212389380531 0.10891089108910891
0 0.5553097345132744 0.3589108910891089 0.09292035398230089 0.09405940594059406
0 0.49557522123893805 0.42574257425742573 0.07964601769911504 0.09900990099009901
0 0.4247787610619469 0.650990099009901 0.07964601769911504 0.09405940594059406
0 0.168141592920354 0.4504950495049505 0.09734513274336283 0.0891089108910891
1 0.05752212389380531 0.3886138613861386 0.07964601769911504 0.07425742574257425
1 0.3030973451327434 0.5717821782178217 0.09292035398230089 0.09405940594059406
1 0.7853982300884956 0.1806930693069307 0.10176991150442478 0.11386138613861387
3 0.048672566371681415 0.07178217821782178 0.07964601769911504 0.08415841584158416
3 0.29867256637168144 0.36386138613861385 0.06637168141592921 0.07425742574257425
