0 0.19690265486725664 0.5495049504950495 0.084070796460177 0.0891089108910891
0 0.584070796460177 0.8886138613861386 0.09734513274336283 0.08415841584158416
0 0.672566371681416 0.9381188118811881 0.07964601769911504 0.08415841584158416
0 0.5685840707964602 0.9034653465346535 0.09292035398230089 0.08415841584158416
0 0.6924778761061947 0.28465346534653463 0.084070796460177 0.08415841584158416
1 0.9269911504424779 0.4430693069306931 0.084070796460177 0.07425742574257425
1 0.5464601769911505 0.7227722772277227 0.06637168141592921 0.10891089108910891
1 0.3473451327433628 0.5816831683168316 0.084070796460177 0.09405940594059406
3 0.9137168141592921 0.32425742574257427 0.06637168141592921 0.06435643564356436
3 0.9314159292035398 0.6460396039603961 0.06637168141592921 0.09405940594059406
