0 0.7146017699115044 0.8341584158415841 0.084070796460177 0.06435643564356436
0 0.4889380530973451 0.5693069306930693 0.0752212389380531 0.0891089108910891
0 0.6504424778761062 0.1806930693069307 0.09734513274336283 0.10396039603960396
0 0.08185840707964602 0.6311881188118812 0.0752212389380531 0.09405940594059406
1 0.8362831858407079 0.04702970297029703 0.07079646017699115 0.07425742574257425
1 0.2853982300884956 0.43316831683168316 0.084070796460177 0.08415841584158416
1 0.5553097345132744 0.9579207920792079 0.0752212389380531 0.06435643564356436
1 0.6482300884955752 0.1905940594059406 0.09292035398230089 0.08415841584158416
2 0.8915929203539823 0.16336633663366337 0.084070796460177 0.07920792079207921
3 0.21238938053097345 0.9603960396039604 0.061946902654867256 0.0594059405940594
