0 0.5442477876106194 0.7871287128712872 0.07964601769911504 0.0891089108910891
1 0.5132743362831859 0.6212871287128713 0.08849557522123894 0.08415841584158416
1 0.1902654867256637 0.42574257425742573 0.07964601769911504 0.0891089108910891
1 0.7323008849557522 0.04455445544554455 0.0752212389380531 0.0891089108910891
1 0.8097345132743363 0.28465346534653463 0.07079646017699115 0.07425742574257425
1 0.6902654867256637 0.3811881188118812 0.07964601769911504 0.09900990099009901
2 0.2721238938053097 0.10643564356435643 0.05752212389380531 0.09405940594059406
2 0.0420353982300885 0.6311881188118812 0.084070796460177 0.054455445544554455
2 0.6570796460176991 0.5841584158415841 0.048672566371681415 0.0594059405940594
2 0.7212389380530974 0.44801980198019803 0.061946902654867256 0.054455445544554455
4 0.2345132743362832 0.2524752475247525 0.07079646017699115 0.0891089108910891
