1 0.6438053097345132 0.32673267326732675 0.10176991150442478 0.10891089108910891
2 0.3163716814159292 0.44554455445544555 0.084070796460177 0.06930693069306931
2 0.2920353982300885 0.4034653465346535 0.08849557522123894 0.07425742574257425
2 0.19911504424778761 0.9108910891089109 0.05309734513274336 0.0891089108910891
2 0.37831858407079644 0.844059405940594 0.09292035398230089 0.08415841584158416
2 0.19469026548672566 0.655940594059406 0.07964601769911504 0.06435643564356436
3 0.9247787610619469 0.7326732673267327 0.08849557522123894 0.0594059405940594
3 0.13716814159292035 0.5123762376237624 0.08849557522123894 0.08415841584158416
3 0.030973451327433628 0.37376237623762376 0.061946902654867256 0.06435643564356436
3 0.6371681415929203 0.29207920792079206 0.07079646017699115 0.0594059405940594
