1 0.1836283185840708 0.41089108910891087 0.09292035398230089 0.0891089108910891
2 0.061946902654867256 0.7277227722772277 0.08849557522123894 0.09900990099009901
2 0.4026548672566372 0.7970297029702971 0.05309734513274336 0.06930693069306931
2 0.5707964601769911 0.7004950495049505 0.061946902654867256 0.10396039603960396
2 0.18141592920353983 0.6014851485148515 0.07079646017699115 0.07425742574257425
2 0.9491150442477876 0.8564356435643564 0.09292035398230089 0.07920792079207921
3 0.7101769911504425 0.5148514851485149 0.06637168141592921 0.06930693069306931
3 0.23893805309734514 0.5445544554455446 0.07964601769911504 0.06930693069306931
3 0.7477876106194691 0.7995049504950495 0.05309734513274336 0.06435643564356436
3 0.3606194690265487 0.3613861386138614 0.05752212389380531 0.09900990099009901
4 0.08628318584070796 0.08168316831683169 0.09292035398230089 0.08415841584158416
