0 0.6371681415929203 0.15346534653465346 0.08849557522123894 0.09900990099009901
0 0.061946902654867256 0.5544554455445545 0.09734513274336283 0.1188118811881188
0 0.8849557522123894 0.8935643564356436 0.08849557522123894 0.09405940594059406
1 0.3805309734513274 0.7772277227722773 0.07079646017699115 0.09900990099009901
1 0.6150442477876106 0.3415841584158416 0.07964601769911504 0.0891089108910891
1 0.9557522123893806 0.5841584158415841 0.07964601769911504 0.09900990099009901
2 0.6327433628318584 0.6188118811881188 0.07079646017699115 0.0891089108910891
2 0.37610619469026546 0.594059405940594 0.07964601769911504 0.09900990099009901
3 0.4469026548672566 0.45544554455445546 0.07079646017699115 0.07920792079207921
3 0.4225663716814159 0.8985148514851485 0.06637168141592921 0.054455445544554455
4 0.084070796460177 0.07178217821782178 0.07079646017699115 0.07425742574257425
