0 0.4269911504424779 0.27970297029702973 0.11061946902654868 0.11386138613861387
0 0.8960176991150443 0.4207920792079208 0.084070796460177 0.1188118811881188
0 0.7676991150442478 0.7004950495049505 0.10176991150442478 0.10396039603960396
1 0.37610619469026546 0.13861386138613863 0.07079646017699115 0.0891089108910891
2 0.1084070796460177 0.19306930693069307 0.0752212389380531 0.06930693069306931
2 0.7367256637168141 0.9232673267326733 0.084070796460177 0.06435643564356436
3 0.7765486725663717 0.7400990099009901 0.03982300884955752 0.08415841584158416
3 0.23008849557522124 0.2103960396039604 0.07079646017699115 0.09405940594059406
3 0.8783185840707964 0.6633663366336634 0.06637168141592921 0.0594059405940594
3 0.6592920353982301 0.9653465346534653 0.061946902654867256 0.06930693069306931
