0 0.2323008849557522 0.18316831683168316 0.10176991150442478 0.07920792079207921
0 0.40707964601769914 0.5792079207920792 0.07964601769911504 0.0891089108910891
0 0.7809734513274337 0.1806930693069307 0.084070796460177 0.11386138613861387
0 0.9446902654867256 0.8415841584158416 0.10176991150442478 0.0891089108910891
1 0.11504424778761062 0.8861386138613861 0.08849557522123894 0.06930693069306931
1 0.6216814159292036 0.2400990099009901 0.09292035398230089 0.08415841584158416
1 0.6415929203539823 0.4158415841584158 0.07964601769911504 0.10891089108910891
1 0.9336283185840708 0.10891089108910891 0.07079646017699115 0.07920792079207921
1 0.7743362831858407 0.1311881188118812 0.11504424778761062 0.09405940594059406
2 0.36283185840707965 0.6658415841584159 0.07079646017699115 0.09405940594059406
