0 0.07079646017699115 0.6460396039603961 0.07964601769911504 0.09405940594059406
0 0.7632743362831859 0.7772277227722773 0.084070796460177 0.0891089108910891
0 0.40707964601769914 0.37623762376237624 0.07964601769911504 0.09900990099009901
0 0.39823008849557523 0.5420792079207921 0.07964601769911504 0.09405940594059406
0 0.44026548672566373 0.8514851485148515 0.11061946902654868 0.09900990099009901
1 0.3141592920353982 0.29455445544554454 0.061946902654867256 0.10396039603960396
1 0.413716814159292 0.8787128712871287 0.10176991150442478 0.07425742574257425
3 0.8252212389380531 0.3688118811881188 0.048672566371681415 0.07425742574257425
3 0.7300884955752213 0.3415841584158416 0.07964601769911504 0.06930693069306931
3 0.7898230088495575 0.806930693069307 0.084070796460177 0.10891089108910891
