1 0.2323008849557522 0.06683168316831684 0.0752212389380531 0.07425742574257425
2 0.4225663716814159 0.07673267326732673 0.0752212389380531 0.08415841584158416
2 0.6238938053097345 0.948019801980198 0.08849557522123894 0.08415841584158416
2 0.6991150442477876 0.8242574257425742 0.07964601769911504 0.07425742574257425
2 0.8495575221238938 0.6707920792079208 0.061946902654867256 0.09405940594059406
2 0.19247787610619468 0.6460396039603961 0.084070796460177 0.08415841584158416
3 0.1084070796460177 0.7648514851485149 0.06637168141592921 0.08415841584158416
3 0.4823008849557522 0.806930693069307 0.08849557522123894 0.0594059405940594
3 0.4247787610619469 0.33663366336633666 0.07079646017699115 0.09900990099009901
3 0.0420353982300885 0.75 0.0752212389380531 0.06435643564356436
4 0.7942477876106194 0.36633663366336633 0.0752212389380531 0.07920792079207921
