1 0.32964601769911506 0.4801980198019802 0.06637168141592921 0.0891089108910891
2 0.14823008849557523 0.8391089108910891 0.084070796460177 0.09405940594059406
2 0.6946902654867256 0.5495049504950495 0.061946902654867256 0.07920792079207921
2 0.3915929203539823 0.8787128712871287 0.084070796460177 0.08415841584158416
2 0.7566371681415929 0.10148514851485149 0.07964601769911504 0.07425742574257425
2 0.16592920353982302 0.5 0.084070796460177 0.0891089108910891
3 0.11946902654867257 0.7599009900990099 0.07964601769911504 0.09405940594059406
3 0.8650442477876106 0.7821782178217822 0.084070796460177 0.0891089108910891
3 0.05309734513274336 0.7252475247524752 0.07079646017699115 0.08415841584158416
3 0.2411504424778761 0.18564356435643564 0.06637168141592921 0.08415841584158416
4 0.6902654867256637 0.4158415841584158 0.07079646017699115 0.0594059405940594
