0 0.048672566371681415 0.6311881188118812 0.07964601769911504 0.08415841584158416
0 0.7699115044247787 0.7054455445544554 0.07964601769911504 0.09405940594059406
1 0.581858407079646 0.1707920792079208 0.0752212389380531 0.09405940594059406
1 0.5376106194690266 0.47029702970297027 0.0752212389380531 0.09900990099009901
1 0.5973451327433629 0.8861386138613861 0.08849557522123894 0.10891089108910891
1 0.7787610619469026 0.7574257425742574 0.08849557522123894 0.1188118811881188
2 0.8207964601769911 0.3193069306930693 0.05752212389380531 0.08415841584158416
2 0.9092920353982301 0.41089108910891087 0.06637168141592921 0.0891089108910891
2 0.5929203539823009 0.8638613861386139 0.07079646017699115 0.07425742574257425
3 0.9535398230088495 0.7524752475247525 0.084070796460177 0.10891089108910891
4 0.8650442477876106 0.3415841584158416 0.084070796460177 0.06930693069306931
