0 0.06415929203539823 0.2202970297029703 0.09292035398230089 0.12376237623762376
0 0.0420353982300885 0.6113861386138614 0.05752212389380531 0.09405940594059406
0 0.6460176991150443 0.7103960396039604 0.09734513274336283 0.10396039603960396
0 0.7013274336283186 0.7623762376237624 0.10176991150442478 0.12871287128712872
0 0.6349557522123894 0.4084158415841584 0.0752212389380531 0.10396039603960396
1 0.8893805309734514 0.6435643564356436 0.061946902654867256 0.06930693069306931
1 0.13716814159292035 0.9232673267326733 0.08849557522123894 0.11386138613861387
3 0.18805309734513273 0.04455445544554455 0.0752212389380531 0.06930693069306931
3 0.10398230088495575 0.4158415841584158 0.06637168141592921 0.0891089108910891
3 0.8738938053097345 0.3688118811881188 0.05752212389380531 0.08415841584158416
4 0.0420353982300885 0.4282178217821782 0.0752212389380531 0.08415841584158416
