0 0.668141592920354 0.5123762376237624 0.07964601769911504 0.06435643564356436
0 0.6438053097345132 0.14603960396039603 0.09292035398230089 0.09405940594059406
1 0.5331858407079646 0.556930693069307 0.0752212389380531 0.07425742574257425
1 0.6637168141592921 0.7351485148514851 0.07964601769911504 0.08415841584158416
2 0.34292035398230086 0.24504950495049505 0.0752212389380531 0.09405940594059406
2 0.6482300884955752 0.24257425742574257 0.084070796460177 0.07920792079207921
2 0.8495575221238938 0.3787128712871287 0.07964601769911504 0.08415841584158416
3 0.5176991150442478 0.41336633663366334 0.07079646017699115 0.06435643564356436
3 0.43805309734513276 0.21287128712871287 0.07964601769911504 0.09900990099009901
3 0.21902654867256638 0.6881188118811881 0.05752212389380531 0.0891089108910891
