0 0.3672566371681416 0.47029702970297027 0.08849557522123894 0.10891089108910891
0 0.7101769911504425 0.452970297029703 0.10176991150442478 0.09405940594059406
0 0.37610619469026546 0.19554455445544555 0.08849557522123894 0.07425742574257425
0 0.2411504424778761 0.5173267326732673 0.11061946902654868 0.10396039603960396
1 0.9446902654867256 0.2623762376237624 0.0752212389380531 0.0594059405940594
2 0.0752212389380531 0.9455445544554455 0.08849557522123894 0.07920792079207921
3 0.6438053097345132 0.3688118811881188 0.09292035398230089 0.07425742574257425
3 0.1747787610619469 0.1806930693069307 0.0752212389380531 0.08415841584158416
3 0.18805309734513273 0.5470297029702971 0.05752212389380531 0.08415841584158416
3 0.581858407079646 0.8514851485148515 0.0752212389380531 0.07920792079207921
