0 0.061946902654867256 0.10891089108910891 0.07964601769911504 0.1188118811881188
0 0.12168141592920353 0.6212871287128713 0.09292035398230089 0.10396039603960396
0 0.5287610619469026 0.08663366336633663 0.05752212389380531 0.08415841584158416
0 0.7389380530973452 0.48267326732673266 0.09734513274336283 0.10396039603960396
0 0.3893805309734513 0.6212871287128713 0.11504424778761062 0.09405940594059406
1 0.9402654867256637 0.6014851485148515 0.06637168141592921 0.07425742574257425
3 0.4911504424778761 0.5742574257425742 0.07964601769911504 0.06930693069306931
3 0.7013274336283186 0.12871287128712872 0.09292035398230089 0.06930693069306931
3 0.06637168141592921 0.5074257425742574 0.07079646017699115 0.06435643564356436
3 0.32079646017699115 0.07673267326732673 0.048672566371681415 0.08415841584158416
4 0.11946902654867257 0.3589108910891089 0.061946902654867256 0.07425742574257425
