0 0.4668141592920354 0.15346534653465346 0.084070796460177 0.06930693069306931
0 0.14601769911504425 0.844059405940594 0.10619469026548672 0.08415841584158416
0 0.6570796460176991 0.6633663366336634 0.084070796460177 0.0891089108910891
0 0.7212389380530974 0.16831683168316833 0.09734513274336283 0.0891089108910891
1 0.168141592920354 0.9628712871287128 0.09734513274336283 0.07425742574257425
1 0.5309734513274337 0.6410891089108911 0.07079646017699115 0.08415841584158416
2 0.2013274336283186 0.45792079207920794 0.0752212389380531 0.06435643564356436
3 0.10176991150442478 0.8415841584158416 0.07964601769911504 0.09900990099009901
3 0.7234513274336283 0.41089108910891087 0.09292035398230089 0.07920792079207921
3 0.6438053097345132 0.21287128712871287 0.048672566371681415 0.07920792079207921
