0 0.5796460176991151 0.9108910891089109 0.07964601769911504 0.09900990099009901
0 0.922566371681416 0.19554455445544555 0.10176991150442478 0.11386138613861387
0 0.25 0.5445544554455446 0.11946902654867257 0.10891089108910891
1 0.27876106194690264 0.8737623762376238 0.07964601769911504 0.10396039603960396
1 0.8207964601769911 0.25 0.09292035398230089 0.08415841584158416
1 0.5221238938053098 0.5074257425742574 0.07964601769911504 0.08415841584158416
1 0.4668141592920354 0.551980198019802 0.0752212389380531 0.10396039603960396
1 0.21017699115044247 0.693069306930693 0.06637168141592921 0.07920792079207921
2 0.4225663716814159 0.349009900990099 0.06637168141592921 0.08415841584158416
2 0.7566371681415929 0.6336633663366337 0.09734513274336283 0.07920792079207921
