0 0.2588495575221239 0.8465346534653465 0.11061946902654868 0.0891089108910891
0 0.6128318584070797 0.06683168316831684 0.06637168141592921 0.09405940594059406
0 0.4225663716814159 0.21534653465346534 0.10176991150442478 0.09405940594059406
0 0.6017699115044248 0.48267326732673266 0.09734513274336283 0.11386138613861387
0 0.3893805309734513 0.23514851485148514 0.09734513274336283 0.10396039603960396
1 0.21902654867256638 0.4628712871287129 0.10176991150442478 0.09405940594059406
1 0.49557522123893805 0.5767326732673267 0.07964601769911504 0.11386138613861387
1 0.3185840707964602 0.551980198019802 0.07079646017699115 0.10396039603960396
3 0.6371681415929203 0.7821782178217822 0.07079646017699115 0.07920792079207921
3 0.1570796460176991 0.3811881188118812 0.0752212389380531 0.07920792079207921
4 0.6858407079646017 0.04950495049504951 0.07079646017699115 0.07920792079207921
