0 0.581858407079646 0.5544554455445545 0.09292035398230089 0.09900990099009901
0 0.3030973451327434 0.7524752475247525 0.06637168141592921 0.1188118811881188
1 0.17699115044247787 0.38366336633663367 0.09734513274336283 0.08415841584158416
1 0.5597345132743363 0.8143564356435643 0.10176991150442478 0.09405940594059406
1 0.13495575221238937 0.5074257425742574 0.11061946902654868 0.10396039603960396
1 0.22787610619469026 0.20297029702970298 0.09292035398230089 0.09900990099009901
2 0.9557522123893806 0.4975247524752475 0.07079646017699115 0.08415841584158416
2 0.6150442477876106 0.03712871287128713 0.07079646017699115 0.07425742574257425
2 0.05088495575221239 0.849009900990099 0.06637168141592921 0.08415841584158416
3 0.8849557522123894 0.400990099009901 0.08849557522123894 0.09900990099009901
