0 0.39601769911504425 0.8118811881188119 0.10176991150442478 0.0891089108910891
1 0.7699115044247787 0.3465346534653465 0.09734513274336283 0.0891089108910891
1 0.37610619469026546 0.400990099009901 0.07964601769911504 0.0891089108910891
1 0.3495575221238938 0.44801980198019803 0.09734513274336283 0.07425742574257425
1 0.12168141592920353 0.3564356435643564 0.11061946902654868 0.0891089108910891
2 0.6106194690265486 0.18316831683168316 0.08849557522123894 0.0891089108910891
2 0.5508849557522124 0.26732673267326734 0.0752212389380531 0.09900990099009901
2 0.5619469026548672 0.8242574257425742 0.08849557522123894 0.07425742574257425
2 0.5221238938053098 0.33910891089108913 0.07079646017699115 0.06435643564356436
3 0.75 0.9158415841584159 0.06637168141592921 0.07920792079207921
