1 0.10398230088495575 0.3193069306930693 0.084070796460177 0.10396039603960396
1 0.6946902654867256 0.4183168316831683 0.08849557522123894 0.08415841584158416
2 0.5088495575221239 0.18316831683168316 0.07079646017699115 0.09900990099009901
2 0.19911504424778761 0.8465346534653465 0.05309734513274336 0.06930693069306931
2 0.43805309734513276 0.3118811881188119 0.07964601769911504 0.06930693069306931
2 0.5265486725663717 0.5346534653465347 0.07964601769911504 0.07920792079207921
2 0.918141592920354 0.07673267326732673 0.084070796460177 0.06435643564356436
3 0.7986725663716814 0.7202970297029703 0.05752212389380531 0.08415841584158416
3 0.2809734513274336 0.6014851485148515 0.0752212389380531 0.08415841584158416
3 0.26327433628318586 0.5717821782178217 0.0752212389380531 0.06435643564356436
4 0.7721238938053098 0.905940594059406 0.0752212389380531 0.07920792079207921
