1 0.8805309734513275 0.8391089108910891 0.09734513274336283 0.07425742574257425
1 0.6017699115044248 0.7524752475247525 0.10619469026548672 0.09900990099009901
1 0.23008849557522124 0.39603960396039606 0.09734513274336283 0.0891089108910891
2 0.5022123893805309 0.36633663366336633 0.048672566371681415 0.06930693069306931
2 0.9690265486725663 0.6806930693069307 0.05309734513274336 0.07425742574257425
2 0.11283185840707964 0.1485148514851485 0.084070796460177 0.06930693069306931
2 0.3672566371681416 0.5 0.07964601769911504 0.07920792079207921
2 0.6924778761061947 0.7178217821782178 0.09292035398230089 0.09900990099009901
3 0.7013274336283186 0.21782178217821782 0.084070796460177 0.07920792079207921
3 0.581858407079646 0.24752475247524752 0.084070796460177 0.0594059405940594
