0 0.2013274336283186 0.6534653465346535 0.09292035398230089 0.0891089108910891
0 0.3030973451327434 0.27722772277227725 0.084070796460177 0.09900990099009901
1 0.5066371681415929 0.6732673267326733 0.0752212389380531 0.0891089108910891
1 0.5862831858407079 0.7574257425742574 0.09292035398230089 0.0891089108910891
1 0.25442477876106195 0.5742574257425742 0.06637168141592921 0.07920792079207921
2 0.2853982300884956 0.0891089108910891 0.06637168141592921 0.07920792079207921
2 0.13053097345132744 0.8589108910891089 0.06637168141592921 0.09405940594059406
2 0.9579646017699115 0.39603960396039606 0.0752212389380531 0.06930693069306931
3 0.6327433628318584 0.0891089108910891 0.08849557522123894 0.07920792079207921
3 0.26548672566371684 0.948019801980198 0.08849557522123894 0.09405940594059406
