0 0.918141592920354 0.23267326732673269 0.09292035398230089 0.09900990099009901
0 0.9358407079646017 0.12871287128712872 0.09292035398230089 0.10891089108910891
1 0.11504424778761062 0.3217821782178218 0.061946902654867256 0.10891089108910891
1 0.7566371681415929 0.2004950495049505 0.061946902654867256 0.10396039603960396
2 0.6769911504424779 0.04702970297029703 0.07964601769911504 0.07425742574257425
2 0.37389380530973454 0.06435643564356436 0.06637168141592921 0.0891089108910891
2 0.9048672566371682 0.44554455445544555 0.084070796460177 0.0891089108910891
3 0.7234513274336283 0.37376237623762376 0.05752212389380531 0.08415841584158416
3 0.12831858407079647 0.5074257425742574 0.07079646017699115 0.054455445544554455
3 0.2079646017699115 0.1608910891089109 0.07079646017699115 0.07425742574257425
4 0.918141592920354 0.5024752475247525 0.09292035398230089 0.10396039603960396
