0 0.9292035398230089 0.8539603960396039 0.08849557522123894 0.11386138613861387
1 0.28982300884955753 0.17326732673267325 0.084070796460177 0.10891089108910891
1 0.1172566371681416 0.2995049504950495 0.10176991150442478 0.08415841584158416
1 0.8451327433628318 0.9356435643564357 0.09734513274336283 0.10891089108910891
1 0.2610619469026549 0.7846534653465347 0.061946902654867256 0.12376237623762376
1 0.5110619469026548 0.7202970297029703 0.084070796460177 0.09405940594059406
2 0.16371681415929204 0.47029702970297027 0.08849557522123894 0.06930693069306931
2 0.2079646017699115 0.21534653465346534 0.07079646017699115 0.07425742574257425
2 0.7212389380530974 0.75 0.07964601769911504 0.06435643564356436
2 0.6991150442477876 0.30198019801980197 0.08849557522123894 0.07920792079207921
4 0.1084070796460177 0.17574257425742573 0.084070796460177 0.07425742574257425
