0 0.3561946902654867 0.9504950495049505 0.05752212389380531 0.0891089108910891
0 0.7345132743362832 0.7623762376237624 0.07079646017699115 0.0594059405940594
0 0.7300884955752213 0.8341584158415841 0.061946902654867256 0.09405940594059406
0 0.13938053097345132 0.6905940594059405 0.09292035398230089 0.09405940594059406
2 0.7345132743362832 0.6039603960396039 0.08849557522123894 0.0594059405940594
3 0.2610619469026549 0.07425742574257425 0.07079646017699115 0.07920792079207921
3 0.413716814159292 0.8811881188118812 0.09292035398230089 0.0594059405940594
3 0.48451327433628316 0.33910891089108913 0.05752212389380531 0.07425742574257425
3 0.6238938053097345 0.49504950495049505 0.04424778761061947 0.07920792079207921
3 0.4269911504424779 0.5693069306930693 0.084070796460177 0.06930693069306931
4 0.7964601769911505 0.0891089108910891 0.07079646017699115 0.09900990099009901
