0 0.09955752212389381 0.1485148514851485 0.09292035398230089 0.1188118811881188
0 0.46017699115044247 0.45792079207920794 0.07079646017699115 0.11386138613861387
0 0.4336283185840708 0.7747524752475248 0.09734513274336283 0.08415841584158416
0 0.6747787610619469 0.8366336633663366 0.0752212389380531 0.0891089108910891
1 0.3008849557522124 0.6311881188118812 0.10619469026548672 0.07425742574257425
1 0.7323008849557522 0.7524752475247525 0.05752212389380531 0.10891089108910891
2 0.8097345132743363 0.5717821782178217 0.09734513274336283 0.08415841584158416
3 0.22787610619469026 0.7896039603960396 0.05752212389380531 0.08415841584158416
3 0.07079646017699115 0.9133663366336634 0.05309734513274336 0.06435643564356436
3 0.7721238938053098 0.4158415841584158 0.084070796460177 0.0594059405940594
4 0.17256637168141592 0.09405940594059406 0.061946902654867256 0.06930693069306931
