1 0.6393805309734514 0.43564356435643564 0.084070796460177 0.0891089108910891
1 0.8960176991150443 0.6534653465346535 0.0752212389380531 0.09900990099009901
1 0.40707964601769914 0.5841584158415841 0.08849557522123894 0.10891089108910891
2 0.09292035398230089 0.38613861386138615 0.05309734513274336 0.0891089108910891
2 0.4314159292035398 0.21287128712871287 0.09292035398230089 0.06930693069306931
2 0.2079646017699115 0.943069306930693 0.09734513274336283 0.10396039603960396
2 0.7477876106194691 0.06683168316831684 0.07964601769911504 0.06435643564356436
2 0.09292035398230089 0.8663366336633663 0.035398230088495575 0.0891089108910891
3 0.29646017699115046 0.5915841584158416 0.04424778761061947 0.07425742574257425
3 0.5221238938053098 0.2004950495049505 0.08849557522123894 0.07425742574257425
