0 0.23672566371681417 0.32425742574257427 0.10176991150442478 0.07425742574257425
1 0.497787610619469 0.39603960396039606 0.10176991150442478 0.10891089108910891
1 0.16150442477876106 0.900990099009901 0.06637168141592921 0.09900990099009901
1 0.415929203539823 0.6410891089108911 0.07079646017699115 0.09405940594059406
1 0.06637168141592921 0.6039603960396039 0.07964601769911504 0.0891089108910891
1 0.07079646017699115 0.4207920792079208 0.07079646017699115 0.0891089108910891
2 0.34513274336283184 0.19554455445544555 0.09734513274336283 0.08415841584158416
2 0.6836283185840708 0.4405940594059406 0.10176991150442478 0.06930693069306931
2 0.19247787610619468 0.3094059405940594 0.09292035398230089 0.07425742574257425
2 0.3915929203539823 0.5173267326732673 0.09292035398230089 0.09405940594059406
