0 0.5862831858407079 0.35396039603960394 0.09292035398230089 0.10396039603960396
0 0.4469026548672566 0.6287128712871287 0.08849557522123894 0.09900990099009901
0 0.5929203539823009 0.4777227722772277 0.10619469026548672 0.08415841584158416
0 0.6924778761061947 0.5420792079207921 0.0752212389380531 0.08415841584158416
0 0.7278761061946902 0.7599009900990099 0.06637168141592921 0.08415841584158416
1 0.8517699115044248 0.2896039603960396 0.05752212389380531 0.07425742574257425
1 0.2809734513274336 0.349009900990099 0.09292035398230089 0.11386138613861387
1 0.577433628318584 0.6707920792079208 0.10176991150442478 0.08415841584158416
3 0.1836283185840708 0.5717821782178217 0.0752212389380531 0.08415841584158416
3 0.2853982300884956 0.2079207920792079 0.06637168141592921 0.06930693069306931
4 0.05530973451327434 0.12128712871287128 0.0752212389380531 0.09405940594059406
