0 0.6150442477876106 0.42574257425742573 0.08849557522123894 0.09900990099009901
0 0.1570796460176991 0.844059405940594 0.0752212389380531 0.09405940594059406
0 0.09070796460176991 0.25 0.084070796460177 0.10396039603960396
0 0.5221238938053098 0.42326732673267325 0.07964601769911504 0.09405940594059406
0 0.42035398230088494 0.4183168316831683 0.07964601769911504 0.08415841584158416
1 0.48672566371681414 0.5693069306930693 0.08849557522123894 0.09900990099009901
1 0.1504424778761062 0.16336633663366337 0.09734513274336283 0.10891089108910891
3 0.3915929203539823 0.6336633663366337 0.09292035398230089 0.0594059405940594
3 0.75 0.5742574257425742 0.0752212389380531 0.06930693069306931
3 0.4446902654867257 0.8044554455445545 0.0752212389380531 0.07425742574257425
