0 0.7146017699115044 0.4975247524752475 0.09292035398230089 0.10396039603960396
0 0.47123893805309736 0.1806930693069307 0.10176991150442478 0.08415841584158416
0 0.75 0.8762376237623762 0.10176991150442478 0.0891089108910891
0 0.6039823008849557 0.7376237623762376 0.10176991150442478 0.09900990099009901
1 0.5243362831858407 0.8242574257425742 0.0752212389380531 0.06435643564356436
1 0.7787610619469026 0.9306930693069307 0.061946902654867256 0.09900990099009901
1 0.23672566371681417 0.0594059405940594 0.0752212389380531 0.10891089108910891
2 0.6969026548672567 0.1905940594059406 0.084070796460177 0.10396039603960396
3 0.059734513274336286 0.6658415841584159 0.084070796460177 0.10396039603960396
3 0.5132743362831859 0.33663366336633666 0.07079646017699115 0.0891089108910891
