0 0.8982300884955752 0.6905940594059405 0.09734513274336283 0.11386138613861387
2 0.5088495575221239 0.9232673267326733 0.07964601769911504 0.08415841584158416
2 0.47345132743362833 0.6707920792079208 0.08849557522123894 0.10396039603960396
2 0.3075221238938053 0.6856435643564357 0.084070796460177 0.07425742574257425
2 0.7566371681415929 0.7153465346534653 0.08849557522123894 0.08415841584158416
3 0.8030973451327433 0.6757425742574258 0.09292035398230089 0.09405940594059406
3 0.24557522123893805 0.6386138613861386 0.09292035398230089 0.06930693069306931
3 0.9579646017699115 0.9084158415841584 0.05752212389380531 0.08415841584158416
3 0.07743362831858407 0.6683168316831684 0.084070796460177 0.0594059405940594
3 0.5707964601769911 0.06435643564356436 0.07079646017699115 0.039603960396039604
