0 0.8030973451327433 0.2871287128712871 0.09292035398230089 0.10891089108910891
0 0.5398230088495575 0.25742574257425743 0.07079646017699115 0.07920792079207921
0 0.084070796460177 0.7054455445544554 0.08849557522123894 0.08415841584158416
0 0.9004424778761062 0.6856435643564357 0.084070796460177 0.09405940594059406
0 0.8584070796460177 0.4158415841584158 0.07964601769911504 0.0891089108910891
3 0.09734513274336283 0.4183168316831683 0.05309734513274336 0.07425742574257425
3 0.16150442477876106 0.45792079207920794 0.05752212389380531 0.10396039603960396
3 0.28982300884955753 0.8415841584158416 0.0752212389380531 0.0891089108910891
3 0.7433628318584071 0.655940594059406 0.08849557522123894 0.09405940594059406
3 0.08628318584070796 0.36633663366336633 0.0752212389380531 0.0891089108910891
