0 0.7787610619469026 0.5495049504950495 0.07079646017699115 0.09900990099009901
0 0.35398230088495575 0.8217821782178217 0.08849557522123894 0.0891089108910891
1 0.46238938053097345 0.21287128712871287 0.084070796460177 0.09900990099009901
2 0.7300884955752213 0.19554455445544555 0.05309734513274336 0.08415841584158416
2 0.252212389380531 0.2599009900990099 0.09734513274336283 0.10396039603960396
2 0.20575221238938052 0.16584158415841585 0.084070796460177 0.08415841584158416
3 0.588495575221239 0.7400990099009901 0.061946902654867256 0.06435643564356436
3 0.5995575221238938 0.8391089108910891 0.05752212389380531 0.06435643564356436
3 0.5221238938053098 0.9034653465346535 0.08849557522123894 0.08415841584158416
3 0.8694690265486725 0.8589108910891089 0.0752212389380531 0.08415841584158416
4 0.18584070796460178 0.6410891089108911 0.07964601769911504 0.09405940594059406
