1 0.6415929203539823 0.7945544554455446 0.08849557522123894 0.10396039603960396
1 0.7853982300884956 0.8836633663366337 0.084070796460177 0.08415841584158416
1 0.6902654867256637 0.2301980198019802 0.061946902654867256 0.08415841584158416
2 0.8429203539823009 0.10643564356435643 0.084070796460177 0.09405940594059406
2 0.9402654867256637 0.42574257425742573 0.084070796460177 0.0594059405940594
2 0.47123893805309736 0.8762376237623762 0.05752212389380531 0.06930693069306931
2 0.035398230088495575 0.5024752475247525 0.035398230088495575 0.07425742574257425
2 0.08628318584070796 0.7599009900990099 0.0752212389380531 0.07425742574257425
3 0.22787610619469026 0.07673267326732673 0.05752212389380531 0.07425742574257425
3 0.5176991150442478 0.1311881188118812 0.07964601769911504 0.10396039603960396
