0 0.7411504424778761 0.452970297029703 0.06637168141592921 0.10396039603960396
0 0.2743362831858407 0.5742574257425742 0.07964601769911504 0.09900990099009901
0 0.7610619469026548 0.29455445544554454 0.09734513274336283 0.09405940594059406
2 0.5685840707964602 0.23514851485148514 0.09292035398230089 0.10396039603960396
2 0.43805309734513276 0.18564356435643564 0.07079646017699115 0.06435643564356436
3 0.44026548672566373 0.26485148514851486 0.0752212389380531 0.09405940594059406
3 0.06415929203539823 0.7747524752475248 0.0752212389380531 0.08415841584158416
3 0.1570796460176991 0.36386138613861385 0.084070796460177 0.09405940594059406
3 0.17699115044247787 0.745049504950495 0.08849557522123894 0.07425742574257425
3 0.24336283185840707 0.7128712871287128 0.061946902654867256 0.06930693069306931
