0 0.9358407079646017 0.8118811881188119 0.0752212389380531 0.0891089108910891
0 0.25663716814159293 0.04702970297029703 0.08849557522123894 0.09405940594059406
1 0.75 0.905940594059406 0.10176991150442478 0.0891089108910891
1 0.1504424778761062 0.8985148514851485 0.07079646017699115 0.11386138613861387
1 0.34292035398230086 0.5841584158415841 0.084070796460177 0.09900990099009901
1 0.46238938053097345 0.29207920792079206 0.09292035398230089 0.10891089108910891
2 0.4668141592920354 0.25 0.0752212389380531 0.07425742574257425
2 0.8650442477876106 0.8564356435643564 0.084070796460177 0.0891089108910891
2 0.3694690265486726 0.19554455445544555 0.06637168141592921 0.07425742574257425
3 0.9269911504424779 0.5668316831683168 0.06637168141592921 0.07425742574257425
