0 0.18584070796460178 0.04455445544554455 0.09734513274336283 0.0891089108910891
0 0.6238938053097345 0.849009900990099 0.08849557522123894 0.07425742574257425
1 0.5619469026548672 0.7277227722772277 0.07964601769911504 0.09900990099009901
1 0.827433628318584 0.41336633663366334 0.08849557522123894 0.09405940594059406
1 0.9269911504424779 0.5618811881188119 0.10176991150442478 0.07425742574257425
2 0.8761061946902655 0.7301980198019802 0.061946902654867256 0.08415841584158416
2 0.5973451327433629 0.6361386138613861 0.061946902654867256 0.08415841584158416
2 0.6238938053097345 0.37376237623762376 0.07964601769911504 0.08415841584158416
3 0.5265486725663717 0.5792079207920792 0.061946902654867256 0.0594059405940594
3 0.15265486725663716 0.9529702970297029 0.05752212389380531 0.07425742574257425
