0 0.6172566371681416 0.745049504950495 0.084070796460177 0.09405940594059406
0 0.10619469026548672 0.5123762376237624 0.09734513274336283 0.08415841584158416
0 0.7057522123893806 0.7376237623762376 0.09292035398230089 0.0891089108910891
0 0.5309734513274337 0.9306930693069307 0.10619469026548672 0.12871287128712872
1 0.5663716814159292 0.551980198019802 0.08849557522123894 0.08415841584158416
1 0.37831858407079644 0.24752475247524752 0.10176991150442478 0.09900990099009901
1 0.6084070796460177 0.3886138613861386 0.084070796460177 0.10396039603960396
1 0.6747787610619469 0.19801980198019803 0.09292035398230089 0.12871287128712872
2 0.39823008849557523 0.8985148514851485 0.09734513274336283 0.09405940594059406
3 0.6747787610619469 0.17574257425742573 0.06637168141592921 0.08415841584158416
