0 0.4314159292035398 0.8168316831683168 0.09292035398230089 0.0891089108910891
0 0.8296460176991151 0.3292079207920792 0.0752212389380531 0.09405940594059406
0 0.18141592920353983 0.29455445544554454 0.07964601769911504 0.09405940594059406
1 0.7190265486725663 0.7871287128712872 0.10176991150442478 0.09900990099009901
1 0.7477876106194691 0.12376237623762376 0.09734513274336283 0.0891089108910891
2 0.4778761061946903 0.948019801980198 0.08849557522123894 0.09405940594059406
2 0.9668141592920354 0.49504950495049505 0.06637168141592921 0.06930693069306931
3 0.3561946902654867 0.9084158415841584 0.084070796460177 0.054455445544554455
3 0.334070796460177 0.594059405940594 0.0752212389380531 0.09900990099009901
3 0.048672566371681415 0.6683168316831684 0.04424778761061947 0.09900990099009901
