0 0.1570796460176991 0.6683168316831684 0.10176991150442478 0.09900990099009901
0 0.8030973451327433 0.5222772277227723 0.09292035398230089 0.10396039603960396
0 0.7035398230088495 0.08415841584158416 0.09734513274336283 0.1188118811881188
0 0.6570796460176991 0.31683168316831684 0.0752212389380531 0.07920792079207921
1 0.35176991150442477 0.9158415841584159 0.09292035398230089 0.09900990099009901
1 0.3827433628318584 0.47029702970297027 0.05752212389380531 0.0891089108910891
1 0.06858407079646017 0.4876237623762376 0.084070796460177 0.08415841584158416
1 0.5243362831858407 0.46782178217821785 0.09292035398230089 0.08415841584158416
2 0.3230088495575221 0.599009900990099 0.07964601769911504 0.0891089108910891
3 0.2168141592920354 0.5346534653465347 0.08849557522123894 0.06930693069306931
