0 0.3827433628318584 0.08415841584158416 0.0752212389380531 0.0891089108910891
0 0.5199115044247787 0.10148514851485149 0.11061946902654868 0.10396039603960396
0 0.4247787610619469 0.15099009900990099 0.061946902654867256 0.09405940594059406
0 0.9358407079646017 0.4900990099009901 0.06637168141592921 0.0891089108910891
1 0.6858407079646017 0.05693069306930693 0.09734513274336283 0.09405940594059406
1 0.15486725663716813 0.9702970297029703 0.07079646017699115 0.0594059405940594
2 0.5597345132743363 0.9381188118811881 0.0752212389380531 0.08415841584158416
3 0.3561946902654867 0.3886138613861386 0.0752212389380531 0.07425742574257425
3 0.8805309734513275 0.9628712871287128 0.061946902654867256 0.07425742574257425
3 0.7787610619469026 0.7301980198019802 0.08849557522123894 0.07425742574257425
4 0.2588495575221239 0.1311881188118812 0.06637168141592921 0.07425742574257425
