1 0.9446902654867256 0.4183168316831683 0.084070796460177 0.08415841584158416
2 0.03982300884955752 0.18811881188118812 0.061946902654867256 0.07920792079207921
2 0.17920353982300885 0.5767326732673267 0.05752212389380531 0.07425742574257425
2 0.14601769911504425 0.19801980198019803 0.061946902654867256 0.07920792079207921
2 0.11946902654867257 0.5742574257425742 0.04424778761061947 0.06930693069306931
2 0.15265486725663716 0.4183168316831683 0.084070796460177 0.09405940594059406
3 0.6106194690265486 0.3589108910891089 0.07079646017699115 0.054455445544554455
3 0.838495575221239 0.3415841584158416 0.05752212389380531 0.07920792079207921
3 0.8738938053097345 0.6336633663366337 0.0752212389380531 0.0891089108910891
3 0.497787610619469 0.44801980198019803 0.06637168141592921 0.08415841584158416
