0 0.9292035398230089 0.4282178217821782 0.08849557522123894 0.07425742574257425
0 0.9247787610619469 0.1485148514851485 0.09734513274336283 0.1188118811881188
1 0.3584070796460177 0.10396039603960396 0.07079646017699115 0.09900990099009901
1 0.7964601769911505 0.0891089108910891 0.07079646017699115 0.0891089108910891
1 0.7057522123893806 0.1707920792079208 0.11061946902654868 0.09405940594059406
2 0.8451327433628318 0.14108910891089108 0.05309734513274336 0.10396039603960396
2 0.16371681415929204 0.5544554455445545 0.07964601769911504 0.0891089108910891
2 0.7809734513274337 0.15099009900990099 0.06637168141592921 0.07425742574257425
3 0.2013274336283186 0.45544554455445546 0.0752212389380531 0.07920792079207921
3 0.5553097345132744 0.25 0.05752212389380531 0.07425742574257425
4 0.07300884955752213 0.054455445544554455 0.06637168141592921 0.0594059405940594
