2 0.2013274336283186 0.3886138613861386 0.084070796460177 0.08415841584158416
2 0.6836283185840708 0.7797029702970297 0.06637168141592921 0.07425742574257425
2 0.6349557522123894 0.8168316831683168 0.06637168141592921 0.0891089108910891
2 0.665929203539823 0.2623762376237624 0.0752212389380531 0.07920792079207921
2 0.9579646017699115 0.13861386138613863 0.0752212389380531 0.06930693069306931
3 0.061946902654867256 0.42326732673267325 0.09734513274336283 0.10396039603960396
3 0.7964601769911505 0.4504950495049505 0.061946902654867256 0.06930693069306931
3 0.08628318584070796 0.48267326732673266 0.09292035398230089 0.09405940594059406
3 0.3230088495575221 0.30198019801980197 0.09734513274336283 0.04950495049504951
3 0.15486725663716813 0.1707920792079208 0.07964601769911504 0.07425742574257425
4 0.9314159292035398 0.5024752475247525 0.06637168141592921 0.08415841584158416
