0 0.5929203539823009 0.3341584158415842 0.08849557522123894 0.09405940594059406
0 0.39601769911504425 0.8242574257425742 0.09292035398230089 0.08415841584158416
0 0.6460176991150443 0.7722772277227723 0.07964601769911504 0.09900990099009901
2 0.3252212389380531 0.43316831683168316 0.084070796460177 0.054455445544554455
2 0.1172566371681416 0.2698019801980198 0.084070796460177 0.08415841584158416
3 0.8827433628318584 0.5445544554455446 0.06637168141592921 0.0891089108910891
3 0.16150442477876106 0.28465346534653463 0.09292035398230089 0.054455445544554455
3 0.7876106194690266 0.8811881188118812 0.061946902654867256 0.07920792079207921
3 0.12168141592920353 0.48267326732673266 0.084070796460177 0.10396039603960396
3 0.3893805309734513 0.37376237623762376 0.061946902654867256 0.07425742574257425
