0 0.7123893805309734 0.9405940594059405 0.08849557522123894 0.10891089108910891
1 0.5 0.29207920792079206 0.07079646017699115 0.0891089108910891
1 0.06637168141592921 0.09158415841584158 0.09734513274336283 0.06435643564356436
2 0.7831858407079646 0.2400990099009901 0.061946902654867256 0.06435643564356436
2 0.5243362831858407 0.7623762376237624 0.0752212389380531 0.07920792079207921
2 0.8517699115044248 0.9108910891089109 0.0752212389380531 0.07920792079207921
2 0.41150442477876104 0.4876237623762376 0.09734513274336283 0.10396039603960396
3 0.13053097345132744 0.6608910891089109 0.0752212389380531 0.07425742574257425
3 0.11061946902654868 0.452970297029703 0.035398230088495575 0.07425742574257425
3 0.6460176991150443 0.6064356435643564 0.061946902654867256 0.054455445544554455
