0 0.3495575221238938 0.7623762376237624 0.09734513274336283 0.09900990099009901
1 0.17699115044247787 0.36386138613861385 0.07964601769911504 0.08415841584158416
1 0.08628318584070796 0.3787128712871287 0.084070796460177 0.08415841584158416
2 0.2323008849557522 0.7400990099009901 0.0752212389380531 0.08415841584158416
2 0.17920353982300885 0.8613861386138614 0.06637168141592921 0.07920792079207921
2 0.2013274336283186 0.14356435643564355 0.05752212389380531 0.07920792079207921
2 0.7101769911504425 0.6584158415841584 0.06637168141592921 0.09900990099009901
3 0.7522123893805309 0.12871287128712872 0.04424778761061947 0.07920792079207921
3 0.8075221238938053 0.18811881188118812 0.09292035398230089 0.06930693069306931
3 0.504424778761062 0.8737623762376238 0.08849557522123894 0.06435643564356436
4 0.11504424778761062 0.3712871287128713 0.07079646017699115 0.09900990099009901
