1 0.6460176991150443 0.47277227722772275 0.08849557522123894 0.07425742574257425
1 0.26548672566371684 0.905940594059406 0.08849557522123894 0.0891089108910891
1 0.415929203539823 0.2400990099009901 0.07964601769911504 0.09405940594059406
1 0.6393805309734514 0.7351485148514851 0.06637168141592921 0.08415841584158416
1 0.1570796460176991 0.30198019801980197 0.06637168141592921 0.0891089108910891
2 0.9247787610619469 0.9529702970297029 0.07079646017699115 0.08415841584158416
2 0.2610619469026549 0.7227722772277227 0.07964601769911504 0.0891089108910891
2 0.7079646017699115 0.9133663366336634 0.07079646017699115 0.08415841584158416
2 0.8119469026548672 0.19554455445544555 0.06637168141592921 0.08415841584158416
2 0.6482300884955752 0.698019801980198 0.06637168141592921 0.06930693069306931
4 0.19247787610619468 0.46782178217821785 0.09292035398230089 0.09405940594059406
