0 0.6703539823008849 0.49504950495049505 0.09292035398230089 0.09900990099009901
0 0.20575221238938052 0.09158415841584158 0.09292035398230089 0.09405940594059406
1 0.22566371681415928 0.75 0.07964601769911504 0.08415841584158416
1 0.7964601769911505 0.3613861386138614 0.07964601769911504 0.07920792079207921
1 0.754424778761062 0.3094059405940594 0.084070796460177 0.08415841584158416
1 0.17256637168141592 0.4183168316831683 0.061946902654867256 0.08415841584158416
2 0.7057522123893806 0.599009900990099 0.06637168141592921 0.07920792079207921
2 0.918141592920354 0.6732673267326733 0.06637168141592921 0.0594059405940594
2 0.5973451327433629 0.6460396039603961 0.07964601769911504 0.06435643564356436
3 0.6969026548672567 0.8514851485148515 0.05752212389380531 0.06930693069306931
