0 0.09955752212389381 0.698019801980198 0.0752212389380531 0.07920792079207921
1 0.9402654867256637 0.054455445544554455 0.084070796460177 0.10891089108910891
1 0.2013274336283186 0.5420792079207921 0.084070796460177 0.06435643564356436
1 0.5951327433628318 0.1188118811881188 0.09292035398230089 0.06930693069306931
1 0.14823008849557523 0.9257425742574258 0.084070796460177 0.10891089108910891
1 0.23893805309734514 0.5148514851485149 0.05309734513274336 0.07920792079207921
2 0.8230088495575221 0.5470297029702971 0.07964601769911504 0.09405940594059406
2 0.05309734513274336 0.5099009900990099 0.05309734513274336 0.07920792079207921
2 0.09513274336283185 0.1905940594059406 0.084070796460177 0.09405940594059406
2 0.7212389380530974 0.5321782178217822 0.08849557522123894 0.06435643564356436
4 0.03761061946902655 0.5792079207920792 0.0752212389380531 0.10891089108910891
