0 0.8053097345132744 0.07920792079207921 0.07079646017699115 0.10891089108910891
0 0.915929203539823 0.32425742574257427 0.08849557522123894 0.08415841584158416
0 0.5663716814159292 0.8316831683168316 0.08849557522123894 0.10891089108910891
1 0.07964601769911504 0.9183168316831684 0.07079646017699115 0.07425742574257425
1 0.3473451327433628 0.41089108910891087 0.05752212389380531 0.07920792079207921
2 0.09955752212389381 0.6435643564356436 0.084070796460177 0.0891089108910891
2 0.5243362831858407 0.297029702970297 0.09292035398230089 0.07920792079207921
3 0.6283185840707964 0.6806930693069307 0.061946902654867256 0.09405940594059406
3 0.4424778761061947 0.7178217821782178 0.05309734513274336 0.06930693069306931
3 0.3584070796460177 0.25 0.07964601769911504 0.06435643564356436
