0 0.27654867256637167 0.4504950495049505 0.084070796460177 0.07920792079207921
0 0.5973451327433629 0.6460396039603961 0.09734513274336283 0.10396039603960396
1 0.5309734513274337 0.34405940594059403 0.07079646017699115 0.07425742574257425
1 0.1084070796460177 0.43316831683168316 0.084070796460177 0.08415841584158416
2 0.6438053097345132 0.4777227722772277 0.0752212389380531 0.07425742574257425
2 0.05088495575221239 0.07178217821782178 0.06637168141592921 0.09405940594059406
2 0.28761061946902655 0.4306930693069307 0.07964601769911504 0.07920792079207921
3 0.37389380530973454 0.8292079207920792 0.048672566371681415 0.08415841584158416
3 0.046460176991150445 0.49257425742574257 0.048672566371681415 0.07425742574257425
3 0.07743362831858407 0.20544554455445543 0.0752212389380531 0.06435643564356436
