1 0.09734513274336283 0.4777227722772277 0.07079646017699115 0.08415841584158416
1 0.35176991150442477 0.3465346534653465 0.09292035398230089 0.07920792079207921
1 0.8517699115044248 0.7574257425742574 0.0752212389380531 0.0891089108910891
1 0.9469026548672567 0.9579207920792079 0.07964601769911504 0.07425742574257425
1 0.5199115044247787 0.4603960396039604 0.0752212389380531 0.09900990099009901
2 0.40486725663716816 0.15099009900990099 0.084070796460177 0.08415841584158416
2 0.2168141592920354 0.41089108910891087 0.061946902654867256 0.0594059405940594
2 0.5685840707964602 0.15346534653465346 0.06637168141592921 0.07920792079207921
2 0.3915929203539823 0.1608910891089109 0.06637168141592921 0.054455445544554455
2 0.6393805309734514 0.7772277227722773 0.048672566371681415 0.07920792079207921
4 0.4358407079646018 0.3910891089108911 0.084070796460177 0.07920792079207921
