0 0.5353982300884956 0.8391089108910891 0.05309734513274336 0.08415841584158416
1 0.2676991150442478 0.42326732673267325 0.11061946902654868 0.09405940594059406
1 0.5951327433628318 0.297029702970297 0.09292035398230089 0.0891089108910891
1 0.7101769911504425 0.9282178217821783 0.0752212389380531 0.07425742574257425
2 0.8030973451327433 0.7623762376237624 0.09292035398230089 0.07920792079207921
2 0.7522123893805309 0.8193069306930693 0.061946902654867256 0.09405940594059406
2 0.9491150442477876 0.25495049504950495 0.084070796460177 0.08415841584158416
2 0.5110619469026548 0.5247524752475248 0.0752212389380531 0.10891089108910891
3 0.35398230088495575 0.3613861386138614 0.061946902654867256 0.0594059405940594
3 0.5641592920353983 0.844059405940594 0.06637168141592921 0.09405940594059406
