0 0.09070796460176991 0.5841584158415841 0.084070796460177 0.09900990099009901
0 0.9026548672566371 0.2301980198019802 0.10619469026548672 0.07425742574257425
0 0.9557522123893806 0.04455445544554455 0.07964601769911504 0.0891089108910891
0 0.4424778761061947 0.6460396039603961 0.09734513274336283 0.07425742574257425
0 0.5730088495575221 0.2376237623762376 0.084070796460177 0.0891089108910891
1 0.12389380530973451 0.4603960396039604 0.061946902654867256 0.07920792079207921
1 0.7676991150442478 0.693069306930693 0.06637168141592921 0.07920792079207921
1 0.38495575221238937 0.8737623762376238 0.07079646017699115 0.09405940594059406
1 0.6194690265486725 0.6460396039603961 0.09734513274336283 0.10396039603960396
3 0.8650442477876106 0.4405940594059406 0.09292035398230089 0.0594059405940594
4 0.9402654867256637 0.5742574257425742 0.0752212389380531 0.06930693069306931
