1 0.42035398230088494 0.745049504950495 0.09734513274336283 0.11386138613861387
1 0.9070796460176991 0.1782178217821782 0.08849557522123894 0.06930693069306931
1 0.413716814159292 0.38613861386138615 0.06637168141592921 0.0891089108910891
1 0.4004424778761062 0.8688118811881188 0.10176991150442478 0.09405940594059406
2 0.415929203539823 0.2079207920792079 0.061946902654867256 0.0891089108910891
2 0.8694690265486725 0.4183168316831683 0.084070796460177 0.09405940594059406
2 0.5066371681415929 0.9183168316831684 0.05752212389380531 0.054455445544554455
2 0.9579646017699115 0.2202970297029703 0.05752212389380531 0.09405940594059406
2 0.6039823008849557 0.46534653465346537 0.06637168141592921 0.0891089108910891
3 0.4336283185840708 0.504950495049505 0.061946902654867256 0.0891089108910891
