0 0.4269911504424779 0.6163366336633663 0.084070796460177 0.09405940594059406
0 0.6482300884955752 0.34405940594059403 0.084070796460177 0.09405940594059406
0 0.8517699115044248 0.7301980198019802 0.084070796460177 0.09405940594059406
0 0.4778761061946903 0.9232673267326733 0.08849557522123894 0.09405940594059406
1 0.13938053097345132 0.4876237623762376 0.10176991150442478 0.11386138613861387
1 0.26991150442477874 0.6188118811881188 0.09734513274336283 0.06930693069306931
1 0.23893805309734514 0.8688118811881188 0.08849557522123894 0.12376237623762376
1 0.834070796460177 0.297029702970297 0.0752212389380531 0.10891089108910891
2 0.4358407079646018 0.23267326732673269 0.09292035398230089 0.1188118811881188
3 0.44026548672566373 0.25742574257425743 0.05752212389380531 0.0891089108910891
4 0.15486725663716813 0.5841584158415841 0.07079646017699115 0.07920792079207921
