0 0.17699115044247787 0.754950495049505 0.07964601769911504 0.07425742574257425
0 0.29646017699115046 0.40594059405940597 0.07079646017699115 0.09900990099009901
1 0.8893805309734514 0.8094059405940595 0.10619469026548672 0.12376237623762376
1 0.5641592920353983 0.7326732673267327 0.09292035398230089 0.1188118811881188
1 0.05088495575221239 0.2103960396039604 0.09292035398230089 0.11386138613861387
1 0.9446902654867256 0.3465346534653465 0.06637168141592921 0.0891089108910891
2 0.09292035398230089 0.8366336633663366 0.09734513274336283 0.0891089108910891
2 0.2721238938053097 0.6707920792079208 0.06637168141592921 0.08415841584158416
2 0.8584070796460177 0.7574257425742574 0.05309734513274336 0.07920792079207921
3 0.6460176991150443 0.754950495049505 0.061946902654867256 0.08415841584158416
4 0.9004424778761062 0.2103960396039604 0.06637168141592921 0.10396039603960396
