0 0.4911504424778761 0.30198019801980197 0.09734513274336283 0.0891089108910891
1 0.4247787610619469 0.6955445544554455 0.08849557522123894 0.08415841584158416
1 0.5951327433628318 0.6188118811881188 0.09292035398230089 0.10891089108910891
1 0.20353982300884957 0.5965346534653465 0.08849557522123894 0.09405940594059406
1 0.5973451327433629 0.7054455445544554 0.07079646017699115 0.08415841584158416
2 0.4579646017699115 0.10396039603960396 0.09292035398230089 0.0891089108910891
2 0.2853982300884956 0.8094059405940595 0.10176991150442478 0.08415841584158416
2 0.3230088495575221 0.5198019801980198 0.07079646017699115 0.0891089108910891
2 0.7699115044247787 0.5297029702970297 0.07079646017699115 0.07920792079207921
3 0.38495575221238937 0.7673267326732673 0.061946902654867256 0.06930693069306931
4 0.7721238938053098 0.9504950495049505 0.05752212389380531 0.07920792079207921
