0 0.6150442477876106 0.2599009900990099 0.08849557522123894 0.08415841584158416
0 0.497787610619469 0.07673267326732673 0.09292035398230089 0.07425742574257425
0 0.7433628318584071 0.6014851485148515 0.09734513274336283 0.08415841584158416
0 0.37389380530973454 0.09900990099009901 0.10176991150442478 0.09900990099009901
1 0.4823008849557522 0.3886138613861386 0.07079646017699115 0.10396039603960396
1 0.6814159292035398 0.6113861386138614 0.07964601769911504 0.11386138613861387
1 0.8539823008849557 0.38366336633663367 0.07964601769911504 0.10396039603960396
2 0.13274336283185842 0.06188118811881188 0.07964601769911504 0.08415841584158416
3 0.8030973451327433 0.09158415841584158 0.05752212389380531 0.10396039603960396
3 0.37831858407079644 0.23267326732673269 0.0752212389380531 0.09900990099009901
4 0.17699115044247787 0.30445544554455445 0.08849557522123894 0.054455445544554455
