0 0.06415929203539823 0.7995049504950495 0.10176991150442478 0.10396039603960396
0 0.24557522123893805 0.6361386138613861 0.10176991150442478 0.08415841584158416
0 0.23893805309734514 0.801980198019802 0.07079646017699115 0.09900990099009901
0 0.1504424778761062 0.75 0.09734513274336283 0.10396039603960396
2 0.29646017699115046 0.6757425742574258 0.09734513274336283 0.08415841584158416
3 0.49336283185840707 0.3564356435643564 0.0752212389380531 0.07920792079207921
3 0.7123893805309734 0.9504950495049505 0.05309734513274336 0.07920792079207921
3 0.7433628318584071 0.5148514851485149 0.07964601769911504 0.06930693069306931
3 0.4823008849557522 0.5222772277227723 0.04424778761061947 0.07425742574257425
3 0.7831858407079646 0.2400990099009901 0.07079646017699115 0.054455445544554455
