0 0.24336283185840707 0.7004950495049505 0.07964601769911504 0.09405940594059406
1 0.10176991150442478 0.6014851485148515 0.07964601769911504 0.10396039603960396
1 0.6747787610619469 0.32673267326732675 0.084070796460177 0.07920792079207921
1 0.1504424778761062 0.8787128712871287 0.07964601769911504 0.12376237623762376
1 0.588495575221239 0.8861386138613861 0.07964601769911504 0.0891089108910891
2 0.7367256637168141 0.1485148514851485 0.06637168141592921 0.0891089108910891
2 0.831858407079646 0.9207920792079208 0.07964601769911504 0.09900990099009901
2 0.9314159292035398 0.08663366336633663 0.0752212389380531 0.08415841584158416
2 0.8694690265486725 0.49257425742574257 0.05752212389380531 0.06435643564356436
3 0.5376106194690266 0.12128712871287128 0.09292035398230089 0.08415841584158416
4 0.35398230088495575 0.8465346534653465 0.07964601769911504 0.07920792079207921
