0 0.7942477876106194 0.24257425742574257 0.0752212389380531 0.0891089108910891
0 0.12389380530973451 0.24257425742574257 0.061946902654867256 0.0891089108910891
0 0.6880530973451328 0.3935643564356436 0.06637168141592921 0.13366336633663367
1 0.28761061946902655 0.599009900990099 0.08849557522123894 0.10891089108910891
1 0.6880530973451328 0.5024752475247525 0.10176991150442478 0.12376237623762376
1 0.9203539823008849 0.29455445544554454 0.07964601769911504 0.09405940594059406
1 0.7964601769911505 0.38366336633663367 0.09734513274336283 0.08415841584158416
2 0.5088495575221239 0.2400990099009901 0.07964601769911504 0.06435643564356436
2 0.3805309734513274 0.10396039603960396 0.07079646017699115 0.07920792079207921
3 0.42035398230088494 0.1806930693069307 0.07079646017699115 0.11386138613861387
