0 0.14380530973451328 0.504950495049505 0.10176991150442478 0.07920792079207921
0 0.15265486725663716 0.7301980198019802 0.0752212389380531 0.09405940594059406
0 0.5398230088495575 0.5891089108910891 0.061946902654867256 0.07920792079207921
1 0.336283185840708 0.25495049504950495 0.08849557522123894 0.10396039603960396
1 0.5110619469026548 0.20297029702970298 0.084070796460177 0.10891089108910891
1 0.413716814159292 0.6386138613861386 0.09292035398230089 0.0891089108910891
2 0.7831858407079646 0.1311881188118812 0.061946902654867256 0.06435643564356436
2 0.9557522123893806 0.8242574257425742 0.05309734513274336 0.10396039603960396
3 0.3230088495575221 0.23267326732673269 0.061946902654867256 0.0594059405940594
3 0.11946902654867257 0.16336633663366337 0.061946902654867256 0.0891089108910891
4 0.7013274336283186 0.5297029702970297 0.05752212389380531 0.07920792079207921
