0 0.6637168141592921 0.6138613861386139 0.08849557522123894 0.07920792079207921
0 0.2588495575221239 0.12376237623762376 0.084070796460177 0.10891089108910891
0 0.0752212389380531 0.13613861386138615 0.07964601769911504 0.08415841584158416
0 0.1836283185840708 0.16584158415841585 0.09292035398230089 0.13366336633663367
0 0.3407079646017699 0.16584158415841585 0.07079646017699115 0.08415841584158416
1 0.09955752212389381 0.5247524752475248 0.084070796460177 0.09900990099009901
1 0.048672566371681415 0.8143564356435643 0.08849557522123894 0.07425742574257425
1 0.8716814159292036 0.0891089108910891 0.07964601769911504 0.07920792079207921
1 0.8495575221238938 0.8886138613861386 0.07964601769911504 0.08415841584158416
3 0.19911504424778761 0.5816831683168316 0.08849557522123894 0.07425742574257425
