0 0.5929203539823009 0.30445544554455445 0.07964601769911504 0.10396039603960396
0 0.13938053097345132 0.1707920792079208 0.09292035398230089 0.08415841584158416
0 0.5088495575221239 0.14603960396039603 0.061946902654867256 0.11386138613861387
0 0.9446902654867256 0.6633663366336634 0.09292035398230089 0.1188118811881188
1 0.49557522123893805 0.31435643564356436 0.09734513274336283 0.09405940594059406
1 0.2721238938053097 0.21287128712871287 0.09292035398230089 0.06930693069306931
1 0.9336283185840708 0.7623762376237624 0.09734513274336283 0.09900990099009901
1 0.16371681415929204 0.5099009900990099 0.07079646017699115 0.0891089108910891
1 0.7079646017699115 0.14603960396039603 0.08849557522123894 0.07425742574257425
2 0.3141592920353982 0.6782178217821783 0.08849557522123894 0.10891089108910891
4 0.5685840707964602 0.8267326732673267 0.10176991150442478 0.0891089108910891
