0 0.5088495575221239 0.8811881188118812 0.07964601769911504 0.09900990099009901
0 0.5442477876106194 0.29455445544554454 0.08849557522123894 0.07425742574257425
0 0.3407079646017699 0.42326732673267325 0.08849557522123894 0.09405940594059406
0 0.6238938053097345 0.4034653465346535 0.08849557522123894 0.09405940594059406
0 0.14823008849557523 0.4084158415841584 0.084070796460177 0.09405940594059406
1 0.8584070796460177 0.5297029702970297 0.08849557522123894 0.0891089108910891
3 0.06415929203539823 0.9232673267326733 0.09292035398230089 0.08415841584158416
3 0.44026548672566373 0.8564356435643564 0.03982300884955752 0.06930693069306931
3 0.5398230088495575 0.10643564356435643 0.09734513274336283 0.07425742574257425
3 0.47345132743362833 0.2896039603960396 0.061946902654867256 0.08415841584158416
4 0.5022123893805309 0.29207920792079206 0.09292035398230089 0.10891089108910891
