0 0.5619469026548672 0.5396039603960396 0.07964601769911504 0.07920792079207921
0 0.33849557522123896 0.7326732673267327 0.06637168141592921 0.0891089108910891
0 0.834070796460177 0.33663366336633666 0.10176991150442478 0.0891089108910891
0 0.7367256637168141 0.3069306930693069 0.084070796460177 0.10891089108910891
0 0.7035398230088495 0.4381188118811881 0.061946902654867256 0.10396039603960396
3 0.9579646017699115 0.5445544554455446 0.0752212389380531 0.09900990099009901
3 0.47345132743362833 0.07920792079207921 0.07079646017699115 0.09900990099009901
3 0.8407079646017699 0.7153465346534653 0.04424778761061947 0.08415841584158416
3 0.35398230088495575 0.6460396039603961 0.061946902654867256 0.054455445544554455
3 0.29867256637168144 0.26732673267326734 0.048672566371681415 0.06930693069306931
