0 0.05752212389380531 0.6113861386138614 0.07964601769911504 0.09405940594059406
0 0.13274336283185842 0.7599009900990099 0.09734513274336283 0.08415841584158416
0 0.6637168141592921 0.8564356435643564 0.07964601769911504 0.09900990099009901
0 0.21238938053097345 0.7277227722772277 0.09734513274336283 0.0891089108910891
1 0.20575221238938052 0.4405940594059406 0.06637168141592921 0.09900990099009901
2 0.3075221238938053 0.19801980198019803 0.084070796460177 0.06930693069306931
3 0.3938053097345133 0.5915841584158416 0.07964601769911504 0.08415841584158416
3 0.9623893805309734 0.12623762376237624 0.05752212389380531 0.06435643564356436
3 0.26327433628318586 0.5891089108910891 0.0752212389380531 0.0891089108910891
3 0.6946902654867256 0.6039603960396039 0.07079646017699115 0.0891089108910891
