1 0.4668141592920354 0.21287128712871287 0.06637168141592921 0.06930693069306931
1 0.35398230088495575 0.9084158415841584 0.07079646017699115 0.09405940594059406
2 0.2942477876106195 0.8935643564356436 0.084070796460177 0.08415841584158416
2 0.5132743362831859 0.45544554455445546 0.07964601769911504 0.09900990099009901
2 0.9491150442477876 0.3118811881188119 0.06637168141592921 0.09900990099009901
2 0.3163716814159292 0.8836633663366337 0.05752212389380531 0.10396039603960396
2 0.1084070796460177 0.28217821782178215 0.0752212389380531 0.09900990099009901
3 0.922566371681416 0.8292079207920792 0.05752212389380531 0.08415841584158416
3 0.915929203539823 0.599009900990099 0.09734513274336283 0.07920792079207921
3 0.7986725663716814 0.10891089108910891 0.06637168141592921 0.0891089108910891
