0 0.8650442477876106 0.4183168316831683 0.10176991150442478 0.10396039603960396
1 0.14601769911504425 0.6262376237623762 0.07964601769911504 0.08415841584158416
2 0.6305309734513275 0.09900990099009901 0.084070796460177 0.09900990099009901
2 0.5066371681415929 0.46534653465346537 0.048672566371681415 0.09900990099009901
2 0.5154867256637168 0.36386138613861385 0.084070796460177 0.06435643564356436
2 0.9247787610619469 0.07425742574257425 0.09734513274336283 0.0594059405940594
3 0.6991150442477876 0.8465346534653465 0.05309734513274336 0.07920792079207921
3 0.9446902654867256 0.9579207920792079 0.048672566371681415 0.08415841584158416
3 0.09734513274336283 0.1782178217821782 0.09734513274336283 0.0891089108910891
3 0.8650442477876106 0.6905940594059405 0.048672566371681415 0.06435643564356436
4 0.2323008849557522 0.7524752475247525 0.0752212389380531 0.09900990099009901
