0 0.9092920353982301 0.20297029702970298 0.0752212389380531 0.10891089108910891
0 0.22566371681415928 0.7004950495049505 0.09734513274336283 0.11386138613861387
0 0.1747787610619469 0.08415841584158416 0.10176991150442478 0.10891089108910891
0 0.5309734513274337 0.3688118811881188 0.08849557522123894 0.08415841584158416
1 0.35398230088495575 0.7079207920792079 0.07964601769911504 0.06930693069306931
2 0.7345132743362832 0.15594059405940594 0.08849557522123894 0.10396039603960396
3 0.4911504424778761 0.6163366336633663 0.07079646017699115 0.08415841584158416
3 0.6637168141592921 0.2400990099009901 0.07079646017699115 0.06435643564356436
3 0.3893805309734513 0.5717821782178217 0.05309734513274336 0.07425742574257425
3 0.7256637168141593 0.31435643564356436 0.05309734513274336 0.054455445544554455
4 0.1747787610619469 0.29455445544554454 0.0752212389380531 0.07425742574257425
