0 0.6084070796460177 0.3292079207920792 0.084070796460177 0.08415841584158416
0 0.588495575221239 0.5470297029702971 0.07964601769911504 0.10396039603960396
0 0.2853982300884956 0.30198019801980197 0.10176991150442478 0.07920792079207921
1 0.5730088495575221 0.9232673267326733 0.084070796460177 0.09405940594059406
2 0.665929203539823 0.3910891089108911 0.0752212389380531 0.07920792079207921
2 0.25663716814159293 0.5123762376237624 0.061946902654867256 0.10396039603960396
3 0.41814159292035397 0.10891089108910891 0.05752212389380531 0.0594059405940594
3 0.2234513274336283 0.9084158415841584 0.10176991150442478 0.06435643564356436
3 0.8141592920353983 0.22772277227722773 0.061946902654867256 0.07920792079207921
3 0.3495575221238938 0.5668316831683168 0.07964601769911504 0.09405940594059406
