1 0.581858407079646 0.28465346534653463 0.084070796460177 0.09405940594059406
1 0.49557522123893805 0.4801980198019802 0.07964601769911504 0.1188118811881188
2 0.36283185840707965 0.04702970297029703 0.061946902654867256 0.09405940594059406
2 0.8982300884955752 0.8044554455445545 0.07079646017699115 0.07425742574257425
2 0.6305309734513275 0.6089108910891089 0.09292035398230089 0.0891089108910891
2 0.4269911504424779 0.8564356435643564 0.10176991150442478 0.07920792079207921
2 0.40707964601769914 0.12376237623762376 0.04424778761061947 0.07920792079207921
3 0.06637168141592921 0.32425742574257427 0.07964601769911504 0.07425742574257425
3 0.7699115044247787 0.2079207920792079 0.07079646017699115 0.039603960396039604
3 0.5995575221238938 0.9158415841584159 0.0752212389380531 0.0891089108910891
4 0.5442477876106194 0.905940594059406 0.061946902654867256 0.0891089108910891
