0 0.5973451327433629 0.09653465346534654 0.08849557522123894 0.10396039603960396
0 0.6703539823008849 0.6039603960396039 0.084070796460177 0.0891089108910891
1 0.19690265486725664 0.43316831683168316 0.0752212389380531 0.08415841584158416
1 0.2853982300884956 0.8638613861386139 0.09292035398230089 0.08415841584158416
2 0.7588495575221239 0.08663366336633663 0.06637168141592921 0.09405940594059406
2 0.4668141592920354 0.452970297029703 0.0752212389380531 0.09405940594059406
2 0.08849557522123894 0.47277227722772275 0.07964601769911504 0.09405940594059406
3 0.2809734513274336 0.8712871287128713 0.05752212389380531 0.07920792079207921
3 0.061946902654867256 0.2698019801980198 0.061946902654867256 0.06435643564356436
3 0.09513274336283185 0.7128712871287128 0.09292035398230089 0.06930693069306931
4 0.6128318584070797 0.6113861386138614 0.06637168141592921 0.09405940594059406
