0 0.09734513274336283 0.6608910891089109 0.05309734513274336 0.08415841584158416
0 0.413716814159292 0.12376237623762376 0.084070796460177 0.06930693069306931
0 0.8805309734513275 0.556930693069307 0.08849557522123894 0.09405940594059406
0 0.5553097345132744 0.32673267326732675 0.084070796460177 0.0891089108910891
1 0.6924778761061947 0.6955445544554455 0.084070796460177 0.10396039603960396
1 0.9203539823008849 0.7475247524752475 0.07964601769911504 0.09900990099009901
1 0.7345132743362832 0.42574257425742573 0.10619469026548672 0.09900990099009901
2 0.3606194690265487 0.2376237623762376 0.048672566371681415 0.0594059405940594
3 0.9203539823008849 0.556930693069307 0.07964601769911504 0.06435643564356436
3 0.38716814159292035 0.054455445544554455 0.06637168141592921 0.06930693069306931
