0 0.6084070796460177 0.6410891089108911 0.084070796460177 0.10396039603960396
2 0.19469026548672566 0.21534653465346534 0.061946902654867256 0.07425742574257425
2 0.9070796460176991 0.6707920792079208 0.061946902654867256 0.07425742574257425
2 0.911504424778761 0.07673267326732673 0.07964601769911504 0.10396039603960396
2 0.47345132743362833 0.3292079207920792 0.07079646017699115 0.07425742574257425
3 0.8672566371681416 0.8613861386138614 0.07079646017699115 0.0594059405940594
3 0.21902654867256638 0.1608910891089109 0.0752212389380531 0.06435643564356436
3 0.1261061946902655 0.29455445544554454 0.06637168141592921 0.06435643564356436
3 0.3473451327433628 0.35396039603960394 0.06637168141592921 0.07425742574257425
3 0.2168141592920354 0.27722772277227725 0.08849557522123894 0.0891089108910891
4 0.9026548672566371 0.16584158415841585 0.061946902654867256 0.07425742574257425
