0 0.26991150442477874 0.7524752475247525 0.08849557522123894 0.0891089108910891
0 0.831858407079646 0.34405940594059403 0.11504424778761062 0.10396039603960396
0 0.13053097345132744 0.7029702970297029 0.11061946902654868 0.0891089108910891
0 0.8296460176991151 0.9628712871287128 0.06637168141592921 0.07425742574257425
2 0.1592920353982301 0.3094059405940594 0.07079646017699115 0.06435643564356436
3 0.8097345132743363 0.12623762376237624 0.05309734513274336 0.06435643564356436
3 0.6283185840707964 0.7400990099009901 0.07079646017699115 0.06435643564356436
3 0.7610619469026548 0.6237623762376238 0.08849557522123894 0.07920792079207921
3 0.27876106194690264 0.25 0.07964601769911504 0.06435643564356436
3 0.5376106194690266 0.5123762376237624 0.05752212389380531 0.10396039603960396
4 0.5752212389380531 0.1608910891089109 0.07079646017699115 0.08415841584158416
