0 0.9026548672566371 0.35148514851485146 0.10619469026548672 0.07920792079207921
0 0.03982300884955752 0.806930693069307 0.07079646017699115 0.0891089108910891
0 0.37389380530973454 0.2747524752475248 0.05752212389380531 0.08415841584158416
0 0.6172566371681416 0.25742574257425743 0.0752212389380531 0.09900990099009901
1 0.06858407079646017 0.37623762376237624 0.06637168141592921 0.06930693069306931
1 0.06637168141592921 0.6089108910891089 0.09734513274336283 0.0891089108910891
2 0.36504424778761063 0.3613861386138614 0.0752212389380531 0.07920792079207921
3 0.18805309734513273 0.297029702970297 0.084070796460177 0.07920792079207921
3 0.1747787610619469 0.5643564356435643 0.084070796460177 0.09900990099009901
3 0.9336283185840708 0.7029702970297029 0.07964601769911504 0.06930693069306931
