0 0.5221238938053098 0.6584158415841584 0.07964601769911504 0.0891089108910891
0 0.8495575221238938 0.4628712871287129 0.08849557522123894 0.10396039603960396
0 0.7278761061946902 0.6856435643564357 0.10176991150442478 0.12376237623762376
0 0.2345132743362832 0.5321782178217822 0.11504424778761062 0.11386138613861387
1 0.7588495575221239 0.8787128712871287 0.0752212389380531 0.08415841584158416
1 0.09734513274336283 0.5742574257425742 0.09734513274336283 0.10891089108910891
1 0.2831858407079646 0.8465346534653465 0.08849557522123894 0.07920792079207921
2 0.5730088495575221 0.22277227722772278 0.084070796460177 0.09900990099009901
3 0.5265486725663717 0.4777227722772277 0.061946902654867256 0.08415841584158416
3 0.37168141592920356 0.8118811881188119 0.05309734513274336 0.07920792079207921
4 0.7610619469026548 0.5420792079207921 0.061946902654867256 0.09405940594059406
