0 0.44026548672566373 0.7846534653465347 0.11061946902654868 0.10396039603960396
0 0.6150442477876106 0.16584158415841585 0.08849557522123894 0.08415841584158416
0 0.6592920353982301 0.25495049504950495 0.08849557522123894 0.07425742574257425
0 0.4026548672566372 0.8762376237623762 0.10619469026548672 0.09900990099009901
1 0.4092920353982301 0.6089108910891089 0.10176991150442478 0.07920792079207921
1 0.5088495575221239 0.8589108910891089 0.061946902654867256 0.09405940594059406
1 0.13716814159292035 0.2079207920792079 0.09734513274336283 0.09900990099009901
1 0.061946902654867256 0.39851485148514854 0.07964601769911504 0.07425742574257425
2 0.8008849557522124 0.42574257425742573 0.05309734513274336 0.09900990099009901
3 0.7079646017699115 0.4034653465346535 0.08849557522123894 0.11386138613861387
