0 0.26548672566371684 0.6608910891089109 0.08849557522123894 0.06435643564356436
1 0.831858407079646 0.8836633663366337 0.061946902654867256 0.08415841584158416
2 0.26327433628318586 0.8292079207920792 0.0752212389380531 0.054455445544554455
2 0.3252212389380531 0.10643564356435643 0.06637168141592921 0.08415841584158416
2 0.7920353982300885 0.37623762376237624 0.061946902654867256 0.07920792079207921
2 0.661504424778761 0.9257425742574258 0.0752212389380531 0.09900990099009901
3 0.13053097345132744 0.8712871287128713 0.0752212389380531 0.0891089108910891
3 0.168141592920354 0.04455445544554455 0.05309734513274336 0.07920792079207921
3 0.5464601769911505 0.23267326732673269 0.05752212389380531 0.07920792079207921
3 0.5575221238938053 0.6336633663366337 0.05309734513274336 0.06930693069306931
4 0.18584070796460178 0.8193069306930693 0.08849557522123894 0.10396039603960396
