1 0.07964601769911504 0.5594059405940595 0.07964601769911504 0.0891089108910891
1 0.7146017699115044 0.2301980198019802 0.05752212389380531 0.07425742574257425
1 0.7323008849557522 0.5693069306930693 0.0752212389380531 0.10891089108910891
1 0.5752212389380531 0.10396039603960396 0.08849557522123894 0.09900990099009901
1 0.13716814159292035 0.5866336633663366 0.07079646017699115 0.09405940594059406
2 0.7765486725663717 0.9257425742574258 0.0752212389380531 0.09900990099009901
2 0.6017699115044248 0.4900990099009901 0.05309734513274336 0.06930693069306931
2 0.4690265486725664 0.3069306930693069 0.08849557522123894 0.07920792079207921
2 0.7566371681415929 0.6831683168316832 0.07079646017699115 0.06930693069306931
2 0.12389380530973451 0.5643564356435643 0.061946902654867256 0.0891089108910891
