0 0.22787610619469026 0.75 0.09292035398230089 0.07425742574257425
1 0.9092920353982301 0.0594059405940594 0.10176991150442478 0.09900990099009901
1 0.168141592920354 0.3935643564356436 0.07964601769911504 0.10396039603960396
1 0.9314159292035398 0.11386138613861387 0.084070796460177 0.09900990099009901
1 0.6371681415929203 0.39603960396039606 0.07079646017699115 0.0891089108910891
2 0.6836283185840708 0.07425742574257425 0.084070796460177 0.07920792079207921
2 0.665929203539823 0.5445544554455446 0.09292035398230089 0.0891089108910891
2 0.831858407079646 0.27722772277227725 0.061946902654867256 0.07920792079207921
2 0.16150442477876106 0.2623762376237624 0.084070796460177 0.06930693069306931
3 0.8738938053097345 0.5495049504950495 0.0752212389380531 0.06930693069306931
4 0.6017699115044248 0.04207920792079208 0.07079646017699115 0.08415841584158416
