0 0.2676991150442478 0.5693069306930693 0.09292035398230089 0.07920792079207921
0 0.6415929203539823 0.25742574257425743 0.07964601769911504 0.10891089108910891
1 0.3141592920353982 0.09653465346534654 0.07964601769911504 0.09405940594059406
1 0.834070796460177 0.905940594059406 0.10176991150442478 0.09900990099009901
1 0.5199115044247787 0.9158415841584159 0.09292035398230089 0.0891089108910891
1 0.6836283185840708 0.5346534653465347 0.06637168141592921 0.0594059405940594
1 0.1415929203539823 0.43564356435643564 0.07079646017699115 0.07920792079207921
2 0.25663716814159293 0.8267326732673267 0.07079646017699115 0.0891089108910891
2 0.3694690265486726 0.8242574257425742 0.09292035398230089 0.08415841584158416
2 0.7942477876106194 0.10396039603960396 0.06637168141592921 0.07920792079207921
