0 0.45132743362831856 0.7722772277227723 0.07964601769911504 0.09900990099009901
0 0.8982300884955752 0.2698019801980198 0.07079646017699115 0.07425742574257425
0 0.37831858407079644 0.7029702970297029 0.0752212389380531 0.09900990099009901
1 0.084070796460177 0.3564356435643564 0.10619469026548672 0.10891089108910891
2 0.34513274336283184 0.6658415841584159 0.07079646017699115 0.09405940594059406
2 0.6548672566371682 0.3787128712871287 0.07964601769911504 0.06435643564356436
3 0.9424778761061947 0.39603960396039606 0.061946902654867256 0.0891089108910891
3 0.084070796460177 0.37623762376237624 0.07079646017699115 0.06930693069306931
3 0.20575221238938052 0.29207920792079206 0.084070796460177 0.09900990099009901
3 0.2920353982300885 0.47277227722772275 0.04424778761061947 0.07425742574257425
4 0.15486725663716813 0.7995049504950495 0.08849557522123894 0.07425742574257425
