1 0.13274336283185842 0.5247524752475248 0.07964601769911504 0.06930693069306931
1 0.34513274336283184 0.8094059405940595 0.08849557522123894 0.11386138613861387
1 0.5176991150442478 0.9257425742574258 0.061946902654867256 0.09900990099009901
2 0.6792035398230089 0.7376237623762376 0.09292035398230089 0.07920792079207921
2 0.1570796460176991 0.41089108910891087 0.0752212389380531 0.06930693069306931
2 0.6261061946902655 0.7202970297029703 0.06637168141592921 0.10396039603960396
2 0.17256637168141592 0.8465346534653465 0.07964601769911504 0.06930693069306931
2 0.05752212389380531 0.21782178217821782 0.061946902654867256 0.09900990099009901
3 0.5221238938053098 0.04455445544554455 0.08849557522123894 0.0891089108910891
3 0.8628318584070797 0.6707920792079208 0.061946902654867256 0.10396039603960396
