0 0.26327433628318586 0.3712871287128713 0.11061946902654868 0.09900990099009901
0 0.28761061946902655 0.905940594059406 0.07964601769911504 0.0891089108910891
0 0.4756637168141593 0.8688118811881188 0.09292035398230089 0.11386138613861387
1 0.26327433628318586 0.26485148514851486 0.084070796460177 0.08415841584158416
1 0.5 0.24504950495049505 0.07964601769911504 0.07425742574257425
2 0.5199115044247787 0.8663366336633663 0.0752212389380531 0.07920792079207921
2 0.059734513274336286 0.12623762376237624 0.06637168141592921 0.08415841584158416
3 0.3672566371681416 0.5173267326732673 0.07079646017699115 0.07425742574257425
3 0.8185840707964602 0.25495049504950495 0.08849557522123894 0.08415841584158416
3 0.20575221238938052 0.693069306930693 0.09292035398230089 0.07920792079207921
