1 0.838495575221239 0.6534653465346535 0.0752212389380531 0.07920792079207921
2 0.7964601769911505 0.7574257425742574 0.07079646017699115 0.0594059405940594
2 0.8407079646017699 0.5222772277227723 0.07079646017699115 0.07425742574257425
2 0.23008849557522124 0.27970297029702973 0.07079646017699115 0.07425742574257425
2 0.6415929203539823 0.1485148514851485 0.07079646017699115 0.09900990099009901
2 0.7345132743362832 0.1707920792079208 0.05309734513274336 0.08415841584158416
3 0.7168141592920354 0.6608910891089109 0.061946902654867256 0.06435643564356436
3 0.5309734513274337 0.7673267326732673 0.07964601769911504 0.0891089108910891
3 0.30973451327433627 0.8589108910891089 0.07079646017699115 0.06435643564356436
3 0.47123893805309736 0.7277227722772277 0.09292035398230089 0.07920792079207921
