0 0.21238938053097345 0.9183168316831684 0.07079646017699115 0.08415841584158416
0 0.37389380530973454 0.6608910891089109 0.084070796460177 0.10396039603960396
0 0.24778761061946902 0.32673267326732675 0.07964601769911504 0.0891089108910891
0 0.7522123893805309 0.10396039603960396 0.09734513274336283 0.10891089108910891
0 0.7876106194690266 0.7103960396039604 0.07964601769911504 0.09405940594059406
1 0.6570796460176991 0.9381188118811881 0.084070796460177 0.08415841584158416
1 0.7898230088495575 0.2301980198019802 0.09292035398230089 0.10396039603960396
1 0.8761061946902655 0.11386138613861387 0.09734513274336283 0.0891089108910891
3 0.8362831858407079 0.849009900990099 0.04424778761061947 0.06435643564356436
3 0.3030973451327434 0.9207920792079208 0.0752212389380531 0.07920792079207921
