0 0.29867256637168144 0.7722772277227723 0.06637168141592921 0.07920792079207921
1 0.4646017699115044 0.5841584158415841 0.07964601769911504 0.09900990099009901
2 0.47345132743362833 0.504950495049505 0.08849557522123894 0.06930693069306931
2 0.05309734513274336 0.11138613861386139 0.08849557522123894 0.09405940594059406
2 0.6283185840707964 0.20544554455445543 0.05309734513274336 0.06435643564356436
2 0.03761061946902655 0.14108910891089108 0.05752212389380531 0.08415841584158416
3 0.4889380530973451 0.5074257425742574 0.084070796460177 0.07425742574257425
3 0.3915929203539823 0.33663366336633666 0.06637168141592921 0.0891089108910891
3 0.34292035398230086 0.6138613861386139 0.05752212389380531 0.09900990099009901
3 0.6482300884955752 0.8118811881188119 0.048672566371681415 0.09900990099009901
