0 0.4889380530973451 0.6237623762376238 0.10176991150442478 0.09900990099009901
1 0.9601769911504425 0.599009900990099 0.07964601769911504 0.09900990099009901
1 0.45132743362831856 0.17574257425742573 0.10619469026548672 0.11386138613861387
1 0.7787610619469026 0.37623762376237624 0.08849557522123894 0.10891089108910891
2 0.8738938053097345 0.37376237623762376 0.0752212389380531 0.07425742574257425
2 0.8761061946902655 0.6633663366336634 0.061946902654867256 0.07920792079207921
2 0.6482300884955752 0.6113861386138614 0.06637168141592921 0.10396039603960396
2 0.6460176991150443 0.09653465346534654 0.07964601769911504 0.09405940594059406
3 0.9579646017699115 0.44801980198019803 0.048672566371681415 0.06435643564356436
3 0.5951327433628318 0.6064356435643564 0.048672566371681415 0.09405940594059406
