0 0.6061946902654868 0.46534653465346537 0.09734513274336283 0.09900990099009901
0 0.2588495575221239 0.4504950495049505 0.10176991150442478 0.09900990099009901
2 0.7588495575221239 0.08168316831683169 0.0752212389380531 0.08415841584158416
2 0.18805309734513273 0.4158415841584158 0.09292035398230089 0.09900990099009901
2 0.1836283185840708 0.20297029702970298 0.05752212389380531 0.0891089108910891
3 0.4358407079646018 0.8118811881188119 0.06637168141592921 0.07920792079207921
3 0.1747787610619469 0.5618811881188119 0.048672566371681415 0.10396039603960396
3 0.8119469026548672 0.5643564356435643 0.06637168141592921 0.0891089108910891
3 0.8561946902654868 0.33663366336633666 0.05752212389380531 0.0891089108910891
3 0.4646017699115044 0.4207920792079208 0.07079646017699115 0.0891089108910891
