0 0.6460176991150443 0.6485148514851485 0.07079646017699115 0.09900990099009901
0 0.8451327433628318 0.2896039603960396 0.08849557522123894 0.07425742574257425
1 0.9513274336283186 0.452970297029703 0.09734513274336283 0.08415841584158416
1 0.838495575221239 0.6089108910891089 0.084070796460177 0.09900990099009901
1 0.11061946902654868 0.25495049504950495 0.07964601769911504 0.09405940594059406
1 0.9026548672566371 0.1608910891089109 0.061946902654867256 0.07425742574257425
2 0.19247787610619468 0.6757425742574258 0.0752212389380531 0.06435643564356436
2 0.4004424778761062 0.35396039603960394 0.05752212389380531 0.08415841584158416
2 0.7433628318584071 0.9653465346534653 0.05309734513274336 0.06930693069306931
3 0.5530973451327433 0.09405940594059406 0.07079646017699115 0.04950495049504951
4 0.32964601769911506 0.9331683168316832 0.05752212389380531 0.09405940594059406
