0 0.33849557522123896 0.6237623762376238 0.0752212389380531 0.07920792079207921
1 0.4026548672566372 0.4777227722772277 0.07964601769911504 0.07425742574257425
1 0.838495575221239 0.943069306930693 0.0752212389380531 0.09405940594059406
2 0.47345132743362833 0.5346534653465347 0.08849557522123894 0.0891089108910891
2 0.29867256637168144 0.5024752475247525 0.084070796460177 0.09405940594059406
2 0.504424778761062 0.8613861386138614 0.07079646017699115 0.0891089108910891
2 0.45132743362831856 0.8292079207920792 0.07079646017699115 0.06435643564356436
3 0.7212389380530974 0.9455445544554455 0.061946902654867256 0.07920792079207921
3 0.9513274336283186 0.3613861386138614 0.061946902654867256 0.07920792079207921
3 0.2721238938053097 0.19306930693069307 0.09292035398230089 0.07920792079207921
4 0.19690265486725664 0.6113861386138614 0.06637168141592921 0.08415841584158416
