0 0.8672566371681416 0.5792079207920792 0.11504424778761062 0.0891089108910891
0 0.2920353982300885 0.07920792079207921 0.07079646017699115 0.0891089108910891
0 0.168141592920354 0.5222772277227723 0.08849557522123894 0.11386138613861387
0 0.6924778761061947 0.9653465346534653 0.0752212389380531 0.0594059405940594
1 0.6991150442477876 0.5321782178217822 0.07964601769911504 0.11386138613861387
1 0.7787610619469026 0.806930693069307 0.07964601769911504 0.0891089108910891
1 0.6438053097345132 0.054455445544554455 0.0752212389380531 0.09900990099009901
1 0.9269911504424779 0.34405940594059403 0.06637168141592921 0.07425742574257425
1 0.30973451327433627 0.7252475247524752 0.09734513274336283 0.09405940594059406
2 0.46238938053097345 0.16584158415841585 0.06637168141592921 0.07425742574257425
