0 0.8097345132743363 0.30198019801980197 0.07964601769911504 0.09900990099009901
0 0.33185840707964603 0.3193069306930693 0.08849557522123894 0.08415841584158416
0 0.8429203539823009 0.5198019801980198 0.09292035398230089 0.07920792079207921
1 0.2079646017699115 0.6361386138613861 0.08849557522123894 0.10396039603960396
1 0.11946902654867257 0.6361386138613861 0.08849557522123894 0.11386138613861387
2 0.838495575221239 0.11138613861386139 0.0752212389380531 0.07425742574257425
2 0.8252212389380531 0.599009900990099 0.09292035398230089 0.09900990099009901
3 0.5752212389380531 0.8316831683168316 0.07079646017699115 0.04950495049504951
3 0.918141592920354 0.11633663366336634 0.06637168141592921 0.07425742574257425
3 0.6438053097345132 0.44801980198019803 0.084070796460177 0.06435643564356436
