0 0.13495575221238937 0.900990099009901 0.10176991150442478 0.07920792079207921
0 0.9513274336283186 0.09405940594059406 0.09734513274336283 0.09900990099009901
0 0.8849557522123894 0.14108910891089108 0.07079646017699115 0.09405940594059406
0 0.9513274336283186 0.7425742574257426 0.08849557522123894 0.09900990099009901
0 0.6482300884955752 0.5742574257425742 0.10176991150442478 0.0891089108910891
1 0.6128318584070797 0.35148514851485146 0.0752212389380531 0.0891089108910891
3 0.05530973451327434 0.5445544554455446 0.05752212389380531 0.07920792079207921
3 0.45132743362831856 0.8316831683168316 0.07079646017699115 0.0891089108910891
3 0.6570796460176991 0.19306930693069307 0.09292035398230089 0.09900990099009901
3 0.5243362831858407 0.849009900990099 0.09292035398230089 0.07425742574257425
