0 0.9513274336283186 0.6287128712871287 0.09734513274336283 0.0891089108910891
0 0.6858407079646017 0.1782178217821782 0.09734513274336283 0.0891089108910891
1 0.7367256637168141 0.04950495049504951 0.084070796460177 0.07920792079207921
1 0.7234513274336283 0.6287128712871287 0.09292035398230089 0.0891089108910891
2 0.5442477876106194 0.12376237623762376 0.09734513274336283 0.07920792079207921
2 0.5752212389380531 0.30445544554455445 0.07079646017699115 0.07425742574257425
2 0.8672566371681416 0.7128712871287128 0.07964601769911504 0.06930693069306931
3 0.5907079646017699 0.45544554455445546 0.05752212389380531 0.0594059405940594
3 0.9048672566371682 0.5742574257425742 0.09292035398230089 0.0891089108910891
3 0.15486725663716813 0.09158415841584158 0.07079646017699115 0.08415841584158416
4 0.3407079646017699 0.4430693069306931 0.07964601769911504 0.07425742574257425
