0 0.34513274336283184 0.8960396039603961 0.07079646017699115 0.10891089108910891
1 0.1415929203539823 0.8836633663366337 0.07964601769911504 0.10396039603960396
2 0.5951327433628318 0.2623762376237624 0.10176991150442478 0.0891089108910891
2 0.17256637168141592 0.4282178217821782 0.061946902654867256 0.08415841584158416
2 0.9469026548672567 0.3069306930693069 0.08849557522123894 0.0891089108910891
2 0.8938053097345132 0.26485148514851486 0.07964601769911504 0.08415841584158416
3 0.7389380530973452 0.05198019801980198 0.08849557522123894 0.08415841584158416
3 0.8030973451327433 0.44801980198019803 0.0752212389380531 0.08415841584158416
3 0.10176991150442478 0.03217821782178218 0.07079646017699115 0.054455445544554455
3 0.3805309734513274 0.6856435643564357 0.05309734513274336 0.08415841584158416
4 0.26991150442477874 0.6881188118811881 0.07079646017699115 0.07920792079207921
