1 0.6327433628318584 0.2079207920792079 0.07964601769911504 0.07920792079207921
2 0.5862831858407079 0.5173267326732673 0.0752212389380531 0.07425742574257425
2 0.7831858407079646 0.6039603960396039 0.061946902654867256 0.09900990099009901
2 0.8606194690265486 0.26732673267326734 0.0752212389380531 0.0891089108910891
2 0.29646017699115046 0.06683168316831684 0.061946902654867256 0.11386138613861387
2 0.5951327433628318 0.21287128712871287 0.09292035398230089 0.0891089108910891
3 0.49336283185840707 0.4603960396039604 0.048672566371681415 0.07920792079207921
3 0.838495575221239 0.06435643564356436 0.084070796460177 0.0891089108910891
3 0.6438053097345132 0.13861386138613863 0.048672566371681415 0.0891089108910891
3 0.7964601769911505 0.15346534653465346 0.08849557522123894 0.0891089108910891
