0 0.1415929203539823 0.5074257425742574 0.07964601769911504 0.10396039603960396
0 0.3606194690265487 0.4183168316831683 0.0752212389380531 0.09405940594059406
0 0.09955752212389381 0.4207920792079208 0.09292035398230089 0.06930693069306931
0 0.8207964601769911 0.7871287128712872 0.06637168141592921 0.07920792079207921
1 0.8097345132743363 0.49504950495049505 0.09734513274336283 0.06930693069306931
1 0.5597345132743363 0.3589108910891089 0.0752212389380531 0.10396039603960396
1 0.4004424778761062 0.8118811881188119 0.06637168141592921 0.09900990099009901
1 0.5862831858407079 0.47029702970297027 0.06637168141592921 0.0594059405940594
2 0.21902654867256638 0.3935643564356436 0.0752212389380531 0.07425742574257425
3 0.6526548672566371 0.4183168316831683 0.06637168141592921 0.10396039603960396
