0 0.37610619469026546 0.6955445544554455 0.07964601769911504 0.08415841584158416
1 0.8119469026548672 0.3465346534653465 0.0752212389380531 0.06930693069306931
1 0.9491150442477876 0.44554455445544555 0.06637168141592921 0.07920792079207921
1 0.413716814159292 0.43564356435643564 0.06637168141592921 0.09900990099009901
1 0.5199115044247787 0.5841584158415841 0.084070796460177 0.10891089108910891
1 0.6526548672566371 0.06930693069306931 0.084070796460177 0.0891089108910891
2 0.7610619469026548 0.48267326732673266 0.07964601769911504 0.08415841584158416
2 0.7942477876106194 0.22524752475247525 0.0752212389380531 0.08415841584158416
2 0.838495575221239 0.9257425742574258 0.05752212389380531 0.0891089108910891
2 0.4889380530973451 0.4282178217821782 0.09292035398230089 0.08415841584158416
