0 0.5619469026548672 0.13366336633663367 0.07964601769911504 0.07920792079207921
0 0.6924778761061947 0.6856435643564357 0.09292035398230089 0.09405940594059406
1 0.27876106194690264 0.16336633663366337 0.08849557522123894 0.1188118811881188
1 0.8694690265486725 0.698019801980198 0.084070796460177 0.06930693069306931
2 0.4336283185840708 0.8638613861386139 0.08849557522123894 0.08415841584158416
2 0.13716814159292035 0.9108910891089109 0.035398230088495575 0.10891089108910891
2 0.7389380530973452 0.8465346534653465 0.07079646017699115 0.10891089108910891
3 0.9491150442477876 0.41089108910891087 0.0752212389380531 0.0594059405940594
3 0.8650442477876106 0.19554455445544555 0.084070796460177 0.06435643564356436
3 0.7743362831858407 0.41089108910891087 0.07079646017699115 0.0594059405940594
4 0.6969026548672567 0.22524752475247525 0.09292035398230089 0.08415841584158416
