0 0.3274336283185841 0.15594059405940594 0.09734513274336283 0.10396039603960396
1 0.2676991150442478 0.7623762376237624 0.06637168141592921 0.10891089108910891
1 0.24778761061946902 0.11138613861386139 0.09734513274336283 0.10396039603960396
1 0.922566371681416 0.7004950495049505 0.084070796460177 0.08415841584158416
1 0.6902654867256637 0.39851485148514854 0.07964601769911504 0.10396039603960396
2 0.4756637168141593 0.297029702970297 0.084070796460177 0.0891089108910891
2 0.06858407079646017 0.6831683168316832 0.06637168141592921 0.07920792079207921
2 0.084070796460177 0.11138613861386139 0.08849557522123894 0.06435643564356436
2 0.24778761061946902 0.47277227722772275 0.07964601769911504 0.07425742574257425
3 0.6017699115044248 0.44554455445544555 0.061946902654867256 0.06930693069306931
4 0.8960176991150443 0.6287128712871287 0.06637168141592921 0.06930693069306931
