0 0.2676991150442478 0.6089108910891089 0.06637168141592921 0.0891089108910891
0 0.6393805309734514 0.47277227722772275 0.0752212389380531 0.09405940594059406
1 0.5287610619469026 0.8514851485148515 0.06637168141592921 0.09900990099009901
1 0.22123893805309736 0.13861386138613863 0.07964601769911504 0.10891089108910891
1 0.4026548672566372 0.8737623762376238 0.07079646017699115 0.10396039603960396
2 0.38495575221238937 0.32673267326732675 0.07079646017699115 0.0891089108910891
2 0.922566371681416 0.8366336633663366 0.0752212389380531 0.06930693069306931
2 0.5199115044247787 0.5965346534653465 0.0752212389380531 0.07425742574257425
3 0.7676991150442478 0.26732673267326734 0.084070796460177 0.0891089108910891
3 0.0420353982300885 0.07425742574257425 0.0752212389380531 0.07920792079207921
4 0.6172566371681416 0.5717821782178217 0.09292035398230089 0.11386138613861387
