0 0.2743362831858407 0.4207920792079208 0.07964601769911504 0.07920792079207921
0 0.1747787610619469 0.30198019801980197 0.0752212389380531 0.0891089108910891
1 0.5132743362831859 0.28217821782178215 0.07964601769911504 0.07920792079207921
1 0.38495575221238937 0.3613861386138614 0.07079646017699115 0.0891089108910891
1 0.5685840707964602 0.29455445544554454 0.084070796460177 0.09405940594059406
2 0.04424778761061947 0.9331683168316832 0.061946902654867256 0.07425742574257425
2 0.4823008849557522 0.8589108910891089 0.07079646017699115 0.07425742574257425
2 0.5154867256637168 0.8242574257425742 0.10176991150442478 0.08415841584158416
3 0.4579646017699115 0.12376237623762376 0.048672566371681415 0.04950495049504951
3 0.5376106194690266 0.08663366336633663 0.06637168141592921 0.07425742574257425
