0 0.911504424778761 0.5594059405940595 0.08849557522123894 0.0891089108910891
0 0.2676991150442478 0.7079207920792079 0.084070796460177 0.07920792079207921
0 0.07964601769911504 0.06188118811881188 0.07079646017699115 0.11386138613861387
1 0.11283185840707964 0.09158415841584158 0.084070796460177 0.07425742574257425
1 0.504424778761062 0.14356435643564355 0.07964601769911504 0.0891089108910891
2 0.19911504424778761 0.5915841584158416 0.08849557522123894 0.08415841584158416
2 0.918141592920354 0.5618811881188119 0.0752212389380531 0.10396039603960396
3 0.5309734513274337 0.693069306930693 0.061946902654867256 0.06930693069306931
3 0.168141592920354 0.49257425742574257 0.07964601769911504 0.09405940594059406
3 0.49336283185840707 0.7821782178217822 0.0752212389380531 0.09900990099009901
