1 0.5862831858407079 0.4034653465346535 0.09292035398230089 0.09405940594059406
1 0.7168141592920354 0.6806930693069307 0.07964601769911504 0.09405940594059406
1 0.5995575221238938 0.7326732673267327 0.09292035398230089 0.07920792079207921
1 0.9292035398230089 0.9207920792079208 0.10619469026548672 0.09900990099009901
2 0.05530973451327434 0.1782178217821782 0.09292035398230089 0.09900990099009901
2 0.7765486725663717 0.8787128712871287 0.06637168141592921 0.09405940594059406
2 0.8185840707964602 0.23514851485148514 0.07964601769911504 0.09405940594059406
2 0.12831858407079647 0.1311881188118812 0.05309734513274336 0.06435643564356436
2 0.8738938053097345 0.8638613861386139 0.09292035398230089 0.054455445544554455
3 0.3805309734513274 0.7698019801980198 0.07964601769911504 0.08415841584158416
