0 0.07743362831858407 0.2301980198019802 0.0752212389380531 0.07425742574257425
0 0.4668141592920354 0.07425742574257425 0.0752212389380531 0.09900990099009901
0 0.2721238938053097 0.18811881188118812 0.084070796460177 0.09900990099009901
1 0.413716814159292 0.2004950495049505 0.084070796460177 0.09405940594059406
2 0.915929203539823 0.4034653465346535 0.09734513274336283 0.09405940594059406
2 0.19690265486725664 0.6856435643564357 0.0752212389380531 0.08415841584158416
3 0.334070796460177 0.7797029702970297 0.06637168141592921 0.09405940594059406
3 0.5420353982300885 0.3910891089108911 0.0752212389380531 0.06930693069306931
3 0.6349557522123894 0.6237623762376238 0.0752212389380531 0.0891089108910891
3 0.2721238938053097 0.3589108910891089 0.084070796460177 0.10396039603960396
4 0.05088495575221239 0.16584158415841585 0.0752212389380531 0.08415841584158416
