0 0.7101769911504425 0.23267326732673269 0.09292035398230089 0.10891089108910891
0 0.2079646017699115 0.2524752475247525 0.07964601769911504 0.09900990099009901
1 0.22566371681415928 0.5272277227722773 0.09734513274336283 0.10396039603960396
1 0.06637168141592921 0.6237623762376238 0.07964601769911504 0.0891089108910891
1 0.4314159292035398 0.48514851485148514 0.09292035398230089 0.07920792079207921
1 0.061946902654867256 0.05693069306930693 0.09734513274336283 0.07425742574257425
1 0.2610619469026549 0.29207920792079206 0.07079646017699115 0.10891089108910891
2 0.2411504424778761 0.08663366336633663 0.084070796460177 0.07425742574257425
2 0.9070796460176991 0.5346534653465347 0.07079646017699115 0.07920792079207921
2 0.9491150442477876 0.38613861386138615 0.05752212389380531 0.07920792079207921
