0 0.30973451327433627 0.29207920792079206 0.11504424778761062 0.0891089108910891
0 0.9269911504424779 0.42326732673267325 0.10176991150442478 0.09405940594059406
0 0.8539823008849557 0.6485148514851485 0.07964601769911504 0.09900990099009901
1 0.1172566371681416 0.8143564356435643 0.0752212389380531 0.07425742574257425
1 0.40486725663716816 0.3094059405940594 0.084070796460177 0.08415841584158416
1 0.5553097345132744 0.6534653465346535 0.0752212389380531 0.0891089108910891
1 0.6261061946902655 0.7648514851485149 0.084070796460177 0.09405940594059406
2 0.6106194690265486 0.8094059405940595 0.07964601769911504 0.07425742574257425
2 0.6216814159292036 0.7301980198019802 0.09292035398230089 0.06435643564356436
3 0.668141592920354 0.4084158415841584 0.04424778761061947 0.07425742574257425
4 0.05752212389380531 0.7351485148514851 0.07964601769911504 0.08415841584158416
