0 0.6592920353982301 0.18316831683168316 0.09734513274336283 0.09900990099009901
0 0.588495575221239 0.7970297029702971 0.08849557522123894 0.1188118811881188
1 0.38716814159292035 0.2599009900990099 0.084070796460177 0.08415841584158416
2 0.7146017699115044 0.9554455445544554 0.09292035398230089 0.07920792079207921
2 0.028761061946902654 0.08415841584158416 0.05752212389380531 0.06930693069306931
2 0.413716814159292 0.42326732673267325 0.0752212389380531 0.06435643564356436
3 0.6371681415929203 0.5247524752475248 0.05309734513274336 0.0594059405940594
3 0.7345132743362832 0.10891089108910891 0.07079646017699115 0.07920792079207921
3 0.9491150442477876 0.47029702970297027 0.0752212389380531 0.09900990099009901
3 0.18141592920353983 0.2698019801980198 0.07964601769911504 0.09405940594059406
