0 0.4778761061946903 0.04702970297029703 0.07079646017699115 0.09405940594059406
0 0.43805309734513276 0.14108910891089108 0.08849557522123894 0.10396039603960396
1 0.7389380530973452 0.3415841584158416 0.09734513274336283 0.0891089108910891
2 0.7898230088495575 0.8044554455445545 0.06637168141592921 0.08415841584158416
2 0.08849557522123894 0.6732673267326733 0.07964601769911504 0.07920792079207921
2 0.18584070796460178 0.7524752475247525 0.08849557522123894 0.06930693069306931
3 0.9646017699115044 0.4381188118811881 0.05309734513274336 0.06435643564356436
3 0.1592920353982301 0.42326732673267325 0.08849557522123894 0.07425742574257425
3 0.6238938053097345 0.12623762376237624 0.061946902654867256 0.06435643564356436
3 0.2168141592920354 0.8465346534653465 0.04424778761061947 0.0594059405940594
