0 0.3694690265486726 0.5321782178217822 0.084070796460177 0.10396039603960396
0 0.4579646017699115 0.6485148514851485 0.10176991150442478 0.09900990099009901
0 0.8407079646017699 0.5544554455445545 0.061946902654867256 0.0891089108910891
0 0.24778761061946902 0.8094059405940595 0.08849557522123894 0.09405940594059406
1 0.588495575221239 0.18564356435643564 0.08849557522123894 0.10396039603960396
1 0.14380530973451328 0.07673267326732673 0.09292035398230089 0.09405940594059406
1 0.2920353982300885 0.13861386138613863 0.07964601769911504 0.06930693069306931
1 0.8030973451327433 0.9257425742574258 0.084070796460177 0.07920792079207921
2 0.5309734513274337 0.8737623762376238 0.08849557522123894 0.10396039603960396
3 0.41814159292035397 0.6732673267326733 0.084070796460177 0.0891089108910891
