0 0.3008849557522124 0.5470297029702971 0.09734513274336283 0.10396039603960396
0 0.4911504424778761 0.0891089108910891 0.07964601769911504 0.10891089108910891
0 0.5088495575221239 0.05693069306930693 0.09734513274336283 0.09405940594059406
0 0.8672566371681416 0.6089108910891089 0.07079646017699115 0.09900990099009901
0 0.09070796460176991 0.8044554455445545 0.09292035398230089 0.11386138613861387
3 0.27654867256637167 0.7054455445544554 0.03982300884955752 0.07425742574257425
3 0.6637168141592921 0.3118811881188119 0.07079646017699115 0.0891089108910891
3 0.8893805309734514 0.16584158415841585 0.07079646017699115 0.06435643564356436
3 0.8628318584070797 0.2400990099009901 0.09734513274336283 0.06435643564356436
3 0.7654867256637168 0.08415841584158416 0.08849557522123894 0.07920792079207921
