0 0.3938053097345133 0.32673267326732675 0.07964601769911504 0.0891089108910891
0 0.21238938053097345 0.46782178217821785 0.08849557522123894 0.11386138613861387
0 0.6902654867256637 0.1782178217821782 0.08849557522123894 0.0891089108910891
0 0.2588495575221239 0.5668316831683168 0.084070796460177 0.11386138613861387
0 0.581858407079646 0.4405940594059406 0.084070796460177 0.09900990099009901
1 0.6769911504424779 0.06930693069306931 0.08849557522123894 0.0891089108910891
1 0.23672566371681417 0.5247524752475248 0.10176991150442478 0.09900990099009901
1 0.6349557522123894 0.905940594059406 0.10176991150442478 0.0891089108910891
3 0.5464601769911505 0.19554455445544555 0.05752212389380531 0.09405940594059406
3 0.6969026548672567 0.8465346534653465 0.06637168141592921 0.06930693069306931
4 0.5287610619469026 0.8391089108910891 0.084070796460177 0.10396039603960396
