0 0.18805309734513273 0.7202970297029703 0.06637168141592921 0.09405940594059406
0 0.4424778761061947 0.13861386138613863 0.07079646017699115 0.07920792079207921
0 0.838495575221239 0.6485148514851485 0.084070796460177 0.07920792079207921
0 0.8783185840707964 0.45544554455445546 0.084070796460177 0.06930693069306931
0 0.8230088495575221 0.8316831683168316 0.08849557522123894 0.06930693069306931
1 0.13274336283185842 0.47277227722772275 0.07964601769911504 0.10396039603960396
1 0.26548672566371684 0.5297029702970297 0.07079646017699115 0.0891089108910891
1 0.6039823008849557 0.8613861386138614 0.084070796460177 0.10891089108910891
1 0.42035398230088494 0.18811881188118812 0.08849557522123894 0.06930693069306931
3 0.28761061946902655 0.849009900990099 0.07964601769911504 0.08415841584158416
