0 0.2168141592920354 0.8564356435643564 0.09734513274336283 0.07920792079207921
2 0.7079646017699115 0.6905940594059405 0.08849557522123894 0.08415841584158416
2 0.9092920353982301 0.7277227722772277 0.06637168141592921 0.07920792079207921
2 0.06415929203539823 0.8613861386138614 0.084070796460177 0.07920792079207921
2 0.5309734513274337 0.29207920792079206 0.08849557522123894 0.0891089108910891
3 0.22123893805309736 0.06188118811881188 0.07964601769911504 0.09405940594059406
3 0.09955752212389381 0.6212871287128713 0.05752212389380531 0.10396039603960396
3 0.06415929203539823 0.29207920792079206 0.0752212389380531 0.07920792079207921
3 0.07964601769911504 0.29207920792079206 0.07964601769911504 0.09900990099009901
3 0.9070796460176991 0.38366336633663367 0.061946902654867256 0.07425742574257425
4 0.9690265486725663 0.8044554455445545 0.061946902654867256 0.06435643564356436
