1 0.6792035398230089 0.7079207920792079 0.09292035398230089 0.0891089108910891
1 0.8296460176991151 0.8118811881188119 0.084070796460177 0.09900990099009901
1 0.3805309734513274 0.45544554455445546 0.07079646017699115 0.0891089108910891
1 0.8362831858407079 0.20297029702970298 0.07964601769911504 0.0891089108910891
2 0.8827433628318584 0.8341584158415841 0.09292035398230089 0.08415841584158416
2 0.1592920353982301 0.6782178217821783 0.035398230088495575 0.0891089108910891
2 0.7654867256637168 0.41336633663366334 0.07079646017699115 0.08415841584158416
2 0.6415929203539823 0.3564356435643564 0.07964601769911504 0.09900990099009901
2 0.9380530973451328 0.42326732673267325 0.07964601769911504 0.07425742574257425
3 0.5309734513274337 0.6782178217821783 0.04424778761061947 0.07920792079207921
4 0.2831858407079646 0.6138613861386139 0.05309734513274336 0.07920792079207921
