0 0.6548672566371682 0.9084158415841584 0.07964601769911504 0.11386138613861387
2 0.03761061946902655 0.18811881188118812 0.05752212389380531 0.06930693069306931
2 0.9137168141592921 0.5866336633663366 0.084070796460177 0.07425742574257425
2 0.4889380530973451 0.8985148514851485 0.084070796460177 0.08415841584158416
2 0.9336283185840708 0.806930693069307 0.07964601769911504 0.1188118811881188
3 0.415929203539823 0.10891089108910891 0.05309734513274336 0.07920792079207921
3 0.4690265486725664 0.23267326732673269 0.061946902654867256 0.06930693069306931
3 0.9513274336283186 0.5024752475247525 0.07964601769911504 0.054455445544554455
3 0.21460176991150443 0.2004950495049505 0.048672566371681415 0.08415841584158416
3 0.1084070796460177 0.33663366336633666 0.05752212389380531 0.0891089108910891
4 0.14823008849557523 0.22524752475247525 0.084070796460177 0.07425742574257425
