2 0.9004424778761062 0.8391089108910891 0.084070796460177 0.08415841584158416
2 0.6792035398230089 0.27970297029702973 0.0752212389380531 0.08415841584158416
2 0.40486725663716816 0.8143564356435643 0.05752212389380531 0.07425742574257425
2 0.7588495575221239 0.25742574257425743 0.05752212389380531 0.0891089108910891
2 0.6836283185840708 0.6014851485148515 0.084070796460177 0.07425742574257425
3 0.588495575221239 0.943069306930693 0.08849557522123894 0.09405940594059406
3 0.7787610619469026 0.08415841584158416 0.07964601769911504 0.0594059405940594
3 0.3938053097345133 0.9331683168316832 0.07079646017699115 0.08415841584158416
3 0.8805309734513275 0.18564356435643564 0.07964601769911504 0.08415841584158416
3 0.19469026548672566 0.7673267326732673 0.04424778761061947 0.07920792079207921
