0 0.06415929203539823 0.4034653465346535 0.10176991150442478 0.11386138613861387
0 0.5597345132743363 0.400990099009901 0.0752212389380531 0.09900990099009901
0 0.24336283185840707 0.5099009900990099 0.07964601769911504 0.07920792079207921
0 0.20353982300884957 0.28465346534653463 0.09734513274336283 0.10396039603960396
0 0.11283185840707964 0.6856435643564357 0.084070796460177 0.12376237623762376
1 0.8296460176991151 0.09405940594059406 0.09292035398230089 0.09900990099009901
1 0.6703539823008849 0.75 0.084070796460177 0.08415841584158416
1 0.6261061946902655 0.44554455445544555 0.0752212389380531 0.09900990099009901
1 0.504424778761062 0.28217821782178215 0.08849557522123894 0.10891089108910891
1 0.2831858407079646 0.7574257425742574 0.10619469026548672 0.09900990099009901
