0 0.4690265486725664 0.4430693069306931 0.07079646017699115 0.07425742574257425
1 0.17256637168141592 0.13366336633663367 0.09734513274336283 0.0891089108910891
1 0.415929203539823 0.8688118811881188 0.08849557522123894 0.11386138613861387
1 0.0752212389380531 0.4975247524752475 0.07964601769911504 0.07425742574257425
2 0.5154867256637168 0.7178217821782178 0.06637168141592921 0.07920792079207921
2 0.10619469026548672 0.8787128712871287 0.07079646017699115 0.07425742574257425
2 0.6061946902654868 0.46534653465346537 0.07079646017699115 0.07920792079207921
2 0.9646017699115044 0.943069306930693 0.07079646017699115 0.06435643564356436
3 0.31194690265486724 0.46534653465346537 0.0752212389380531 0.06930693069306931
3 0.6526548672566371 0.2599009900990099 0.0752212389380531 0.11386138613861387
