1 0.24778761061946902 0.5841584158415841 0.07079646017699115 0.09900990099009901
1 0.3584070796460177 0.2698019801980198 0.07964601769911504 0.10396039603960396
1 0.8783185840707964 0.07178217821782178 0.084070796460177 0.10396039603960396
1 0.8429203539823009 0.452970297029703 0.09292035398230089 0.09405940594059406
2 0.6969026548672567 0.5346534653465347 0.0752212389380531 0.09900990099009901
2 0.9269911504424779 0.5396039603960396 0.0752212389380531 0.10891089108910891
2 0.5530973451327433 0.26485148514851486 0.061946902654867256 0.09405940594059406
2 0.7146017699115044 0.7351485148514851 0.084070796460177 0.08415841584158416
2 0.5199115044247787 0.09405940594059406 0.05752212389380531 0.10891089108910891
3 0.7942477876106194 0.13366336633663367 0.084070796460177 0.09900990099009901
4 0.6305309734513275 0.36633663366336633 0.0752212389380531 0.0891089108910891
