0 0.20353982300884957 0.8539603960396039 0.09734513274336283 0.08415841584158416
0 0.8429203539823009 0.3613861386138614 0.09292035398230089 0.07920792079207921
1 0.7986725663716814 0.41336633663366334 0.06637168141592921 0.09405940594059406
1 0.7367256637168141 0.5272277227722773 0.09292035398230089 0.09405940594059406
1 0.2676991150442478 0.6287128712871287 0.06637168141592921 0.07920792079207921
1 0.7212389380530974 0.297029702970297 0.07079646017699115 0.07920792079207921
2 0.668141592920354 0.9504950495049505 0.07079646017699115 0.0594059405940594
2 0.5752212389380531 0.7599009900990099 0.07964601769911504 0.07425742574257425
2 0.8008849557522124 0.06930693069306931 0.07964601769911504 0.07920792079207921
3 0.6238938053097345 0.3069306930693069 0.061946902654867256 0.0594059405940594
