0 0.5309734513274337 0.3193069306930693 0.09734513274336283 0.10396039603960396
0 0.7743362831858407 0.6757425742574258 0.07079646017699115 0.09405940594059406
0 0.5110619469026548 0.7797029702970297 0.0752212389380531 0.08415841584158416
0 0.3053097345132743 0.1707920792079208 0.07079646017699115 0.07425742574257425
1 0.1592920353982301 0.8811881188118812 0.09734513274336283 0.0891089108910891
1 0.7610619469026548 0.31683168316831684 0.09734513274336283 0.07920792079207921
1 0.584070796460177 0.8762376237623762 0.07964601769911504 0.0891089108910891
1 0.5862831858407079 0.2524752475247525 0.06637168141592921 0.0891089108910891
1 0.6814159292035398 0.1188118811881188 0.08849557522123894 0.07920792079207921
2 0.336283185840708 0.8267326732673267 0.07079646017699115 0.06930693069306931
