0 0.7477876106194691 0.7029702970297029 0.09734513274336283 0.1188118811881188
0 0.7654867256637168 0.6361386138613861 0.09734513274336283 0.09405940594059406
0 0.4756637168141593 0.9232673267326733 0.084070796460177 0.11386138613861387
0 0.9402654867256637 0.9356435643564357 0.084070796460177 0.1188118811881188
1 0.8185840707964602 0.4207920792079208 0.08849557522123894 0.09900990099009901
1 0.9557522123893806 0.7623762376237624 0.07964601769911504 0.07920792079207921
1 0.581858407079646 0.900990099009901 0.10176991150442478 0.1188118811881188
1 0.41814159292035397 0.41336633663366334 0.09292035398230089 0.06435643564356436
1 0.4469026548672566 0.29455445544554454 0.08849557522123894 0.09405940594059406
2 0.4314159292035398 0.1188118811881188 0.0752212389380531 0.0891089108910891
4 0.30973451327433627 0.2871287128712871 0.09734513274336283 0.0891089108910891
