0 0.413716814159292 0.32425742574257427 0.09292035398230089 0.10396039603960396
0 0.48008849557522126 0.7178217821782178 0.0752212389380531 0.10891089108910891
0 0.497787610619469 0.1806930693069307 0.09292035398230089 0.08415841584158416
1 0.5907079646017699 0.2747524752475248 0.084070796460177 0.08415841584158416
1 0.754424778761062 0.9183168316831684 0.0752212389380531 0.11386138613861387
1 0.18141592920353983 0.4034653465346535 0.061946902654867256 0.09405940594059406
2 0.9646017699115044 0.801980198019802 0.07079646017699115 0.0594059405940594
2 0.10176991150442478 0.41336633663366334 0.07964601769911504 0.09405940594059406
3 0.6438053097345132 0.8267326732673267 0.0752212389380531 0.0594059405940594
3 0.2721238938053097 0.19554455445544555 0.05752212389380531 0.07425742574257425
4 0.18584070796460178 0.75 0.07079646017699115 0.06435643564356436
