1 0.09070796460176991 0.4975247524752475 0.084070796460177 0.09405940594059406
1 0.7699115044247787 0.8094059405940595 0.07964601769911504 0.08415841584158416
1 0.2168141592920354 0.75 0.07964601769911504 0.10396039603960396
1 0.8893805309734514 0.8094059405940595 0.07964601769911504 0.09405940594059406
1 0.8938053097345132 0.9381188118811881 0.07964601769911504 0.06435643564356436
2 0.44026548672566373 0.4381188118811881 0.0752212389380531 0.06435643564356436
2 0.36504424778761063 0.2376237623762376 0.0752212389380531 0.07920792079207921
2 0.8141592920353983 0.2004950495049505 0.061946902654867256 0.08415841584158416
2 0.1172566371681416 0.5099009900990099 0.0752212389380531 0.0891089108910891
2 0.8805309734513275 0.7202970297029703 0.08849557522123894 0.06435643564356436
4 0.7699115044247787 0.38366336633663367 0.09734513274336283 0.09405940594059406
