0 0.8163716814159292 0.6287128712871287 0.10176991150442478 0.09900990099009901
0 0.7654867256637168 0.46782178217821785 0.10619469026548672 0.10396039603960396
0 0.34513274336283184 0.039603960396039604 0.10619469026548672 0.07920792079207921
0 0.9292035398230089 0.6881188118811881 0.07079646017699115 0.10891089108910891
0 0.6415929203539823 0.2524752475247525 0.08849557522123894 0.0891089108910891
1 0.4424778761061947 0.4183168316831683 0.08849557522123894 0.09405940594059406
3 0.21238938053097345 0.8341584158415841 0.07079646017699115 0.06435643564356436
3 0.7079646017699115 0.3292079207920792 0.04424778761061947 0.07425742574257425
3 0.14601769911504425 0.9356435643564357 0.04424778761061947 0.07920792079207921
3 0.838495575221239 0.6955445544554455 0.084070796460177 0.10396039603960396
