0 0.46017699115044247 0.26485148514851486 0.08849557522123894 0.07425742574257425
0 0.6814159292035398 0.3292079207920792 0.08849557522123894 0.07425742574257425
0 0.4889380530973451 0.849009900990099 0.084070796460177 0.09405940594059406
0 0.2411504424778761 0.7227722772277227 0.0752212389380531 0.09900990099009901
0 0.5420353982300885 0.5222772277227723 0.0752212389380531 0.08415841584158416
1 0.5907079646017699 0.7896039603960396 0.06637168141592921 0.08415841584158416
1 0.7632743362831859 0.6534653465346535 0.084070796460177 0.10891089108910891
1 0.9137168141592921 0.03712871287128713 0.084070796460177 0.07425742574257425
3 0.661504424778761 0.7400990099009901 0.09292035398230089 0.06435643564356436
3 0.8982300884955752 0.7400990099009901 0.07964601769911504 0.06435643564356436
