0 0.3185840707964602 0.03712871287128713 0.07964601769911504 0.07425742574257425
0 0.5575221238938053 0.943069306930693 0.07079646017699115 0.10396039603960396
0 0.4336283185840708 0.9331683168316832 0.10619469026548672 0.11386138613861387
0 0.33849557522123896 0.2871287128712871 0.09292035398230089 0.09900990099009901
1 0.13053097345132744 0.5594059405940595 0.09292035398230089 0.06930693069306931
1 0.3694690265486726 0.5099009900990099 0.0752212389380531 0.07920792079207921
2 0.8938053097345132 0.948019801980198 0.05309734513274336 0.07425742574257425
3 0.8252212389380531 0.9158415841584159 0.0752212389380531 0.07920792079207921
3 0.5862831858407079 0.6089108910891089 0.0752212389380531 0.0891089108910891
3 0.5199115044247787 0.22772277227722773 0.06637168141592921 0.0594059405940594
