0 0.5287610619469026 0.09158415841584158 0.09292035398230089 0.10396039603960396
1 0.10398230088495575 0.4975247524752475 0.0752212389380531 0.12376237623762376
1 0.7743362831858407 0.43564356435643564 0.08849557522123894 0.09900990099009901
1 0.27876106194690264 0.06435643564356436 0.07964601769911504 0.09900990099009901
1 0.5066371681415929 0.6311881188118812 0.084070796460177 0.08415841584158416
2 0.5752212389380531 0.4183168316831683 0.07079646017699115 0.09405940594059406
2 0.2345132743362832 0.6361386138613861 0.07079646017699115 0.10396039603960396
2 0.5398230088495575 0.6707920792079208 0.08849557522123894 0.08415841584158416
2 0.7920353982300885 0.16584158415841585 0.061946902654867256 0.07425742574257425
3 0.36283185840707965 0.9282178217821783 0.08849557522123894 0.09405940594059406
