0 0.36283185840707965 0.4628712871287129 0.08849557522123894 0.10396039603960396
0 0.3584070796460177 0.556930693069307 0.07079646017699115 0.09405940594059406
1 0.9380530973451328 0.8094059405940595 0.08849557522123894 0.09405940594059406
2 0.4469026548672566 0.7054455445544554 0.061946902654867256 0.06435643564356436
2 0.26991150442477874 0.3589108910891089 0.08849557522123894 0.09405940594059406
2 0.7831858407079646 0.11138613861386139 0.05309734513274336 0.07425742574257425
3 0.17256637168141592 0.6163366336633663 0.07079646017699115 0.09405940594059406
3 0.28982300884955753 0.33910891089108913 0.048672566371681415 0.07425742574257425
3 0.75 0.5866336633663366 0.0752212389380531 0.08415841584158416
3 0.18805309734513273 0.504950495049505 0.06637168141592921 0.07920792079207921
4 0.5088495575221239 0.11633663366336634 0.07079646017699115 0.08415841584158416
