0 0.5707964601769911 0.2871287128712871 0.07964601769911504 0.09900990099009901
1 0.10619469026548672 0.4084158415841584 0.05309734513274336 0.10396039603960396
1 0.7898230088495575 0.1188118811881188 0.06637168141592921 0.0891089108910891
1 0.5796460176991151 0.05693069306930693 0.07964601769911504 0.10396039603960396
1 0.04424778761061947 0.35396039603960394 0.061946902654867256 0.09405940594059406
2 0.5132743362831859 0.29207920792079206 0.07964601769911504 0.09900990099009901
2 0.7013274336283186 0.5173267326732673 0.084070796460177 0.09405940594059406
2 0.7367256637168141 0.21534653465346534 0.084070796460177 0.07425742574257425
2 0.5376106194690266 0.5445544554455446 0.05752212389380531 0.06930693069306931
3 0.8738938053097345 0.05198019801980198 0.048672566371681415 0.054455445544554455
4 0.7323008849557522 0.1311881188118812 0.05752212389380531 0.06435643564356436
