0 0.16150442477876106 0.19306930693069307 0.05752212389380531 0.0891089108910891
0 0.1261061946902655 0.07673267326732673 0.10176991150442478 0.10396039603960396
0 0.6172566371681416 0.41336633663366334 0.084070796460177 0.10396039603960396
0 0.5530973451327433 0.5742574257425742 0.07964601769911504 0.07920792079207921
1 0.06637168141592921 0.8589108910891089 0.09734513274336283 0.07425742574257425
1 0.5752212389380531 0.9034653465346535 0.09734513274336283 0.08415841584158416
2 0.31194690265486724 0.7896039603960396 0.0752212389380531 0.09405940594059406
3 0.2721238938053097 0.7054455445544554 0.05752212389380531 0.04455445544554455
3 0.36504424778761063 0.9282178217821783 0.0752212389380531 0.06435643564356436
3 0.12831858407079647 0.7079207920792079 0.08849557522123894 0.10891089108910891
4 0.7588495575221239 0.4207920792079208 0.06637168141592921 0.07920792079207921
