1 0.9579646017699115 0.8168316831683168 0.084070796460177 0.0891089108910891
1 0.6814159292035398 0.0594059405940594 0.08849557522123894 0.0891089108910891
1 0.35398230088495575 0.12128712871287128 0.07079646017699115 0.08415841584158416
2 0.6703539823008849 0.4084158415841584 0.084070796460177 0.08415841584158416
2 0.5929203539823009 0.39851485148514854 0.08849557522123894 0.08415841584158416
2 0.22566371681415928 0.45544554455445546 0.07964601769911504 0.07920792079207921
2 0.6526548672566371 0.12871287128712872 0.0752212389380531 0.0594059405940594
2 0.5243362831858407 0.5792079207920792 0.06637168141592921 0.10891089108910891
3 0.504424778761062 0.37623762376237624 0.08849557522123894 0.06930693069306931
3 0.26327433628318586 0.2079207920792079 0.06637168141592921 0.0891089108910891
4 0.11061946902654868 0.693069306930693 0.07964601769911504 0.07920792079207921
