0 0.18805309734513273 0.7995049504950495 0.09292035398230089 0.09405940594059406
1 0.31194690265486724 0.7970297029702971 0.0752212389380531 0.0594059405940594
1 0.7876106194690266 0.2004950495049505 0.07964601769911504 0.10396039603960396
1 0.834070796460177 0.5668316831683168 0.09292035398230089 0.09405940594059406
2 0.9292035398230089 0.06188118811881188 0.08849557522123894 0.08415841584158416
2 0.059734513274336286 0.4603960396039604 0.0752212389380531 0.07920792079207921
2 0.7765486725663717 0.32673267326732675 0.0752212389380531 0.06930693069306931
2 0.2831858407079646 0.31683168316831684 0.061946902654867256 0.07920792079207921
3 0.665929203539823 0.7029702970297029 0.0752212389380531 0.09900990099009901
3 0.3915929203539823 0.25495049504950495 0.084070796460177 0.07425742574257425
