0 0.7146017699115044 0.41336633663366334 0.084070796460177 0.10396039603960396
0 0.9358407079646017 0.6806930693069307 0.11061946902654868 0.10396039603960396
1 0.37389380530973454 0.7301980198019802 0.0752212389380531 0.11386138613861387
1 0.8849557522123894 0.36633663366336633 0.07964601769911504 0.10891089108910891
2 0.4358407079646018 0.8712871287128713 0.10176991150442478 0.09900990099009901
2 0.18805309734513273 0.5074257425742574 0.06637168141592921 0.07425742574257425
2 0.7610619469026548 0.8787128712871287 0.09734513274336283 0.08415841584158416
3 0.45353982300884954 0.6188118811881188 0.0752212389380531 0.06930693069306931
3 0.8230088495575221 0.5792079207920792 0.07964601769911504 0.07920792079207921
3 0.1570796460176991 0.5148514851485149 0.084070796460177 0.07920792079207921
