0 0.16592920353982302 0.13366336633663367 0.09292035398230089 0.0891089108910891
1 0.8982300884955752 0.16584158415841585 0.09734513274336283 0.07425742574257425
1 0.09292035398230089 0.7574257425742574 0.07079646017699115 0.07920792079207921
2 0.2610619469026549 0.452970297029703 0.07964601769911504 0.08415841584158416
2 0.5530973451327433 0.504950495049505 0.07964601769911504 0.0891089108910891
2 0.31194690265486724 0.8663366336633663 0.084070796460177 0.0891089108910891
2 0.23893805309734514 0.297029702970297 0.07964601769911504 0.06930693069306931
3 0.12831858407079647 0.5420792079207921 0.09734513274336283 0.10396039603960396
3 0.05530973451327434 0.11386138613861387 0.05752212389380531 0.07920792079207921
3 0.668141592920354 0.6435643564356436 0.061946902654867256 0.09900990099009901
