0 0.5796460176991151 0.37623762376237624 0.10619469026548672 0.09900990099009901
1 0.9048672566371682 0.806930693069307 0.0752212389380531 0.10891089108910891
1 0.09070796460176991 0.5396039603960396 0.0752212389380531 0.0891089108910891
1 0.46238938053097345 0.17326732673267325 0.09292035398230089 0.0891089108910891
1 0.6703539823008849 0.4183168316831683 0.0752212389380531 0.09405940594059406
1 0.32964601769911506 0.06930693069306931 0.11061946902654868 0.07920792079207921
2 0.5442477876106194 0.22772277227722773 0.07079646017699115 0.09900990099009901
2 0.6792035398230089 0.9331683168316832 0.06637168141592921 0.09405940594059406
2 0.5022123893805309 0.6163366336633663 0.0752212389380531 0.08415841584158416
2 0.9491150442477876 0.22277227722772278 0.09292035398230089 0.0891089108910891
