0 0.17699115044247787 0.6608910891089109 0.08849557522123894 0.10396039603960396
0 0.38495575221238937 0.19554455445544555 0.08849557522123894 0.09405940594059406
0 0.415929203539823 0.948019801980198 0.09734513274336283 0.09405940594059406
0 0.7345132743362832 0.9455445544554455 0.09734513274336283 0.10891089108910891
0 0.42920353982300885 0.8638613861386139 0.10619469026548672 0.09405940594059406
1 0.16371681415929204 0.8415841584158416 0.07079646017699115 0.06930693069306931
3 0.45353982300884954 0.6460396039603961 0.06637168141592921 0.07425742574257425
3 0.11061946902654868 0.8811881188118812 0.07964601769911504 0.06930693069306931
3 0.6438053097345132 0.35148514851485146 0.0752212389380531 0.0891089108910891
3 0.9623893805309734 0.44554455445544555 0.048672566371681415 0.0594059405940594
