0 0.6305309734513275 0.5074257425742574 0.084070796460177 0.08415841584158416
0 0.5309734513274337 0.8341584158415841 0.08849557522123894 0.08415841584158416
0 0.918141592920354 0.7004950495049505 0.0752212389380531 0.07425742574257425
0 0.9424778761061947 0.6361386138613861 0.08849557522123894 0.09405940594059406
0 0.5730088495575221 0.16584158415841585 0.11061946902654868 0.07425742574257425
3 0.3473451327433628 0.08168316831683169 0.084070796460177 0.08415841584158416
3 0.32964601769911506 0.28217821782178215 0.05752212389380531 0.0891089108910891
3 0.9690265486725663 0.948019801980198 0.061946902654867256 0.04455445544554455
3 0.7367256637168141 0.75 0.06637168141592921 0.08415841584158416
3 0.4756637168141593 0.1188118811881188 0.0752212389380531 0.06930693069306931
