0 0.06858407079646017 0.948019801980198 0.0752212389380531 0.07425742574257425
1 0.5597345132743363 0.4777227722772277 0.0752212389380531 0.09405940594059406
1 0.7588495575221239 0.7747524752475248 0.084070796460177 0.12376237623762376
2 0.21460176991150443 0.7079207920792079 0.06637168141592921 0.07920792079207921
2 0.3274336283185841 0.7648514851485149 0.07079646017699115 0.09405940594059406
2 0.2942477876106195 0.10643564356435643 0.030973451327433628 0.09405940594059406
2 0.11283185840707964 0.8143564356435643 0.0752212389380531 0.08415841584158416
3 0.05088495575221239 0.4876237623762376 0.0752212389380531 0.054455445544554455
3 0.7632743362831859 0.4752475247524752 0.0752212389380531 0.09900990099009901
3 0.3584070796460177 0.6410891089108911 0.07079646017699115 0.08415841584158416
