0 0.9446902654867256 0.5198019801980198 0.10176991150442478 0.0891089108910891
0 0.5663716814159292 0.7846534653465347 0.11504424778761062 0.12376237623762376
0 0.827433628318584 0.5074257425742574 0.10619469026548672 0.11386138613861387
0 0.24557522123893805 0.3193069306930693 0.0752212389380531 0.07425742574257425
0 0.04424778761061947 0.3688118811881188 0.07079646017699115 0.08415841584158416
1 0.8075221238938053 0.37623762376237624 0.084070796460177 0.09900990099009901
1 0.6570796460176991 0.08663366336633663 0.10176991150442478 0.09405940594059406
1 0.7964601769911505 0.7301980198019802 0.07079646017699115 0.10396039603960396
1 0.168141592920354 0.8341584158415841 0.08849557522123894 0.10396039603960396
1 0.5309734513274337 0.40594059405940597 0.07964601769911504 0.09900990099009901
