0 0.8893805309734514 0.2995049504950495 0.09734513274336283 0.09405940594059406
1 0.6946902654867256 0.22277227722772278 0.08849557522123894 0.07920792079207921
1 0.27654867256637167 0.07425742574257425 0.0752212389380531 0.07920792079207921
2 0.34513274336283184 0.5148514851485149 0.07079646017699115 0.07920792079207921
2 0.19911504424778761 0.8118811881188119 0.05309734513274336 0.09900990099009901
2 0.03761061946902655 0.3787128712871287 0.0752212389380531 0.10396039603960396
2 0.918141592920354 0.21782178217821782 0.048672566371681415 0.07920792079207921
3 0.6747787610619469 0.4900990099009901 0.06637168141592921 0.0594059405940594
3 0.3141592920353982 0.4282178217821782 0.07079646017699115 0.08415841584158416
3 0.6327433628318584 0.6386138613861386 0.07964601769911504 0.09900990099009901
