0 0.9026548672566371 0.6707920792079208 0.10619469026548672 0.09405940594059406
0 0.5663716814159292 0.40594059405940597 0.07964601769911504 0.07920792079207921
0 0.5619469026548672 0.9232673267326733 0.09734513274336283 0.09405940594059406
1 0.41150442477876104 0.47277227722772275 0.08849557522123894 0.06435643564356436
1 0.09734513274336283 0.6014851485148515 0.061946902654867256 0.10396039603960396
2 0.334070796460177 0.7252475247524752 0.0752212389380531 0.08415841584158416
2 0.6526548672566371 0.2004950495049505 0.0752212389380531 0.08415841584158416
3 0.3473451327433628 0.44801980198019803 0.06637168141592921 0.08415841584158416
3 0.9469026548672567 0.8564356435643564 0.07964601769911504 0.07920792079207921
3 0.20353982300884957 0.14108910891089108 0.05309734513274336 0.06435643564356436
4 0.413716814159292 0.6212871287128713 0.05752212389380531 0.09405940594059406
