0 0.4269911504424779 0.10891089108910891 0.0752212389380531 0.1188118811881188
1 0.17920353982300885 0.4628712871287129 0.0752212389380531 0.11386138613861387
1 0.5353982300884956 0.6707920792079208 0.07079646017699115 0.11386138613861387
1 0.17699115044247787 0.5123762376237624 0.09734513274336283 0.11386138613861387
1 0.061946902654867256 0.3787128712871287 0.08849557522123894 0.07425742574257425
2 0.084070796460177 0.23267326732673269 0.061946902654867256 0.0594059405940594
2 0.11283185840707964 0.30445544554455445 0.084070796460177 0.08415841584158416
2 0.6305309734513275 0.08663366336633663 0.06637168141592921 0.11386138613861387
2 0.6703539823008849 0.650990099009901 0.048672566371681415 0.09405940594059406
3 0.6460176991150443 0.3069306930693069 0.07964601769911504 0.07920792079207921
4 0.45132743362831856 0.6460396039603961 0.061946902654867256 0.06435643564356436
