1 0.3672566371681416 0.9133663366336634 0.07079646017699115 0.07425742574257425
1 0.8893805309734514 0.37376237623762376 0.07964601769911504 0.10396039603960396
1 0.24557522123893805 0.7054455445544554 0.05752212389380531 0.10396039603960396
1 0.6482300884955752 0.5297029702970297 0.06637168141592921 0.0891089108910891
2 0.7433628318584071 0.25495049504950495 0.07964601769911504 0.06435643564356436
2 0.8871681415929203 0.45544554455445546 0.06637168141592921 0.0891089108910891
2 0.21017699115044247 0.24752475247524752 0.048672566371681415 0.06930693069306931
2 0.1592920353982301 0.7599009900990099 0.061946902654867256 0.07425742574257425
2 0.7345132743362832 0.42574257425742573 0.061946902654867256 0.0891089108910891
3 0.0420353982300885 0.25742574257425743 0.0752212389380531 0.04950495049504951
4 0.13495575221238937 0.12376237623762376 0.084070796460177 0.0891089108910891
