0 0.6570796460176991 0.6163366336633663 0.10176991150442478 0.08415841584158416
1 0.7079646017699115 0.3069306930693069 0.07964601769911504 0.10891089108910891
2 0.3053097345132743 0.8267326732673267 0.08849557522123894 0.09900990099009901
2 0.9469026548672567 0.5767326732673267 0.07079646017699115 0.11386138613861387
2 0.11946902654867257 0.7425742574257426 0.07964601769911504 0.06930693069306931
2 0.3584070796460177 0.07425742574257425 0.08849557522123894 0.07920792079207921
3 0.4314159292035398 0.19801980198019803 0.06637168141592921 0.06930693069306931
3 0.7367256637168141 0.754950495049505 0.06637168141592921 0.08415841584158416
3 0.8495575221238938 0.9554455445544554 0.07079646017699115 0.07920792079207921
3 0.7654867256637168 0.37623762376237624 0.08849557522123894 0.10891089108910891
