0 0.8163716814159292 0.38613861386138615 0.09292035398230089 0.09900990099009901
1 0.22787610619469026 0.6212871287128713 0.09292035398230089 0.11386138613861387
2 0.5442477876106194 0.16831683168316833 0.07079646017699115 0.0594059405940594
2 0.2079646017699115 0.39851485148514854 0.08849557522123894 0.08415841584158416
2 0.5597345132743363 0.43316831683168316 0.084070796460177 0.09405940594059406
2 0.9469026548672567 0.8836633663366337 0.07079646017699115 0.11386138613861387
3 0.7721238938053098 0.8935643564356436 0.05752212389380531 0.06435643564356436
3 0.19911504424778761 0.1707920792079208 0.08849557522123894 0.07425742574257425
3 0.3893805309734513 0.5742574257425742 0.05309734513274336 0.06930693069306931
3 0.6504424778761062 0.5445544554455446 0.07079646017699115 0.0891089108910891
4 0.745575221238938 0.2079207920792079 0.084070796460177 0.06930693069306931
