0 0.7101769911504425 0.1905940594059406 0.09292035398230089 0.11386138613861387
0 0.14380530973451328 0.6064356435643564 0.11061946902654868 0.09405940594059406
0 0.16150442477876106 0.650990099009901 0.10176991150442478 0.07425742574257425
0 0.7522123893805309 0.8193069306930693 0.07964601769911504 0.09405940594059406
0 0.25 0.13861386138613863 0.0752212389380531 0.09900990099009901
1 0.6504424778761062 0.9405940594059405 0.07964601769911504 0.0891089108910891
1 0.48451327433628316 0.1707920792079208 0.06637168141592921 0.09405940594059406
1 0.497787610619469 0.2103960396039604 0.10176991150442478 0.10396039603960396
1 0.6969026548672567 0.2623762376237624 0.06637168141592921 0.06930693069306931
3 0.24336283185840707 0.6955445544554455 0.061946902654867256 0.054455445544554455
4 0.5088495575221239 0.5742574257425742 0.07964601769911504 0.06930693069306931
