1 0.10176991150442478 0.32425742574257427 0.061946902654867256 0.10396039603960396
1 0.8075221238938053 0.5915841584158416 0.084070796460177 0.11386138613861387
1 0.2743362831858407 0.4306930693069307 0.07964601769911504 0.10891089108910891
2 0.4314159292035398 0.22772277227722773 0.06637168141592921 0.07920792079207921
2 0.581858407079646 0.6683168316831684 0.0752212389380531 0.06930693069306931
2 0.3008849557522124 0.21287128712871287 0.08849557522123894 0.06930693069306931
2 0.8650442477876106 0.5767326732673267 0.06637168141592921 0.06435643564356436
2 0.9469026548672567 0.8465346534653465 0.07079646017699115 0.09900990099009901
3 0.09734513274336283 0.46782178217821785 0.07079646017699115 0.09405940594059406
3 0.07964601769911504 0.7301980198019802 0.07964601769911504 0.07425742574257425
4 0.7168141592920354 0.7747524752475248 0.08849557522123894 0.09405940594059406
