0 0.8075221238938053 0.8613861386138614 0.10176991150442478 0.09900990099009901
0 0.6349557522123894 0.9579207920792079 0.05752212389380531 0.06435643564356436
0 0.19911504424778761 0.8168316831683168 0.09734513274336283 0.09900990099009901
1 0.3185840707964602 0.28465346534653463 0.09734513274336283 0.09405940594059406
1 0.7765486725663717 0.806930693069307 0.084070796460177 0.07920792079207921
1 0.6460176991150443 0.6386138613861386 0.10619469026548672 0.0891089108910891
1 0.584070796460177 0.40594059405940597 0.07079646017699115 0.0891089108910891
2 0.37168141592920356 0.4405940594059406 0.07079646017699115 0.0594059405940594
2 0.09955752212389381 0.8663366336633663 0.06637168141592921 0.10891089108910891
3 0.7721238938053098 0.8044554455445545 0.084070796460177 0.09405940594059406
