0 0.21460176991150443 0.4801980198019802 0.084070796460177 0.06930693069306931
0 0.5309734513274337 0.9405940594059405 0.07964601769911504 0.0891089108910891
0 0.3561946902654867 0.10396039603960396 0.084070796460177 0.0891089108910891
0 0.6283185840707964 0.4084158415841584 0.07964601769911504 0.07425742574257425
1 0.6017699115044248 0.06188118811881188 0.07964601769911504 0.08415841584158416
1 0.5929203539823009 0.35148514851485146 0.061946902654867256 0.10891089108910891
1 0.8407079646017699 0.37376237623762376 0.08849557522123894 0.08415841584158416
1 0.14380530973451328 0.9331683168316832 0.084070796460177 0.09405940594059406
1 0.6061946902654868 0.25742574257425743 0.07964601769911504 0.0891089108910891
2 0.07300884955752213 0.10396039603960396 0.084070796460177 0.0594059405940594
