0 0.4690265486725664 0.4405940594059406 0.10619469026548672 0.10891089108910891
1 0.6548672566371682 0.5544554455445545 0.07964601769911504 0.09900990099009901
1 0.577433628318584 0.5099009900990099 0.06637168141592921 0.09900990099009901
1 0.754424778761062 0.21287128712871287 0.11061946902654868 0.06930693069306931
1 0.4557522123893805 0.11138613861386139 0.08849557522123894 0.08415841584158416
1 0.5796460176991151 0.8836633663366337 0.07964601769911504 0.11386138613861387
2 0.8849557522123894 0.09405940594059406 0.07964601769911504 0.0891089108910891
2 0.33849557522123896 0.09900990099009901 0.084070796460177 0.06930693069306931
2 0.42920353982300885 0.05198019801980198 0.07964601769911504 0.08415841584158416
2 0.3274336283185841 0.3118811881188119 0.08849557522123894 0.0891089108910891
4 0.6924778761061947 0.6410891089108911 0.05752212389380531 0.08415841584158416
