0 0.37610619469026546 0.9108910891089109 0.07964601769911504 0.10891089108910891
0 0.5309734513274337 0.6658415841584159 0.08849557522123894 0.09405940594059406
0 0.745575221238938 0.3688118811881188 0.0752212389380531 0.09405940594059406
0 0.9535398230088495 0.4603960396039604 0.09292035398230089 0.0891089108910891
1 0.6592920353982301 0.3217821782178218 0.07079646017699115 0.0891089108910891
1 0.7278761061946902 0.3069306930693069 0.084070796460177 0.09900990099009901
1 0.4446902654867257 0.5445544554455446 0.084070796460177 0.07920792079207921
1 0.16592920353982302 0.8613861386138614 0.06637168141592921 0.0891089108910891
1 0.9446902654867256 0.9306930693069307 0.084070796460177 0.0891089108910891
2 0.4225663716814159 0.12623762376237624 0.09292035398230089 0.08415841584158416
