0 0.05530973451327434 0.8217821782178217 0.05752212389380531 0.0891089108910891
0 0.9247787610619469 0.7821782178217822 0.08849557522123894 0.10891089108910891
1 0.6349557522123894 0.8960396039603961 0.0752212389380531 0.0891089108910891
2 0.6858407079646017 0.10396039603960396 0.07079646017699115 0.10891089108910891
2 0.3163716814159292 0.41089108910891087 0.05752212389380531 0.06930693069306931
2 0.672566371681416 0.44801980198019803 0.08849557522123894 0.09405940594059406
3 0.7300884955752213 0.8391089108910891 0.07079646017699115 0.11386138613861387
3 0.26548672566371684 0.5495049504950495 0.05309734513274336 0.07920792079207921
3 0.30973451327433627 0.07673267326732673 0.07079646017699115 0.06435643564356436
3 0.41150442477876104 0.7821782178217822 0.061946902654867256 0.07920792079207921
4 0.9402654867256637 0.5594059405940595 0.09292035398230089 0.0891089108910891
