0 0.5309734513274337 0.3341584158415842 0.08849557522123894 0.08415841584158416
1 0.9203539823008849 0.46782178217821785 0.08849557522123894 0.10396039603960396
1 0.3075221238938053 0.8514851485148515 0.10176991150442478 0.0891089108910891
2 0.75 0.3886138613861386 0.0752212389380531 0.09405940594059406
2 0.5995575221238938 0.49257425742574257 0.084070796460177 0.10396039603960396
2 0.7278761061946902 0.1905940594059406 0.084070796460177 0.06435643564356436
2 0.1415929203539823 0.3193069306930693 0.061946902654867256 0.08415841584158416
3 0.06858407079646017 0.44554455445544555 0.0752212389380531 0.07920792079207921
3 0.22123893805309736 0.8415841584158416 0.07079646017699115 0.07920792079207921
3 0.3606194690265487 0.75 0.09292035398230089 0.09405940594059406
