0 0.42920353982300885 0.054455445544554455 0.07079646017699115 0.10891089108910891
0 0.16592920353982302 0.15346534653465346 0.09292035398230089 0.09900990099009901
1 0.3827433628318584 0.1806930693069307 0.084070796460177 0.07425742574257425
1 0.3230088495575221 0.2698019801980198 0.08849557522123894 0.07425742574257425
1 0.754424778761062 0.8415841584158416 0.09292035398230089 0.0891089108910891
2 0.581858407079646 0.0594059405940594 0.084070796460177 0.09900990099009901
2 0.2721238938053097 0.5495049504950495 0.0752212389380531 0.09900990099009901
2 0.3185840707964602 0.04207920792079208 0.07964601769911504 0.07425742574257425
3 0.8982300884955752 0.6534653465346535 0.07079646017699115 0.07920792079207921
3 0.7522123893805309 0.1188118811881188 0.07079646017699115 0.10891089108910891
4 0.6216814159292036 0.9108910891089109 0.0752212389380531 0.07920792079207921
