0 0.8097345132743363 0.6039603960396039 0.07079646017699115 0.09900990099009901
0 0.40707964601769914 0.2103960396039604 0.10619469026548672 0.09405940594059406
0 0.8938053097345132 0.11386138613861387 0.08849557522123894 0.07920792079207921
0 0.8252212389380531 0.21287128712871287 0.084070796460177 0.07920792079207921
1 0.5088495575221239 0.5099009900990099 0.07964601769911504 0.10891089108910891
2 0.8827433628318584 0.9628712871287128 0.0752212389380531 0.07425742574257425
3 0.8451327433628318 0.07673267326732673 0.08849557522123894 0.07425742574257425
3 0.7831858407079646 0.948019801980198 0.08849557522123894 0.09405940594059406
3 0.3672566371681416 0.43564356435643564 0.07964601769911504 0.09900990099009901
3 0.9601769911504425 0.4876237623762376 0.061946902654867256 0.08415841584158416
4 0.668141592920354 0.1608910891089109 0.09734513274336283 0.07425742574257425
