0 0.5707964601769911 0.6757425742574258 0.10619469026548672 0.09405940594059406
0 0.9269911504424779 0.43564356435643564 0.084070796460177 0.06930693069306931
0 0.08849557522123894 0.9504950495049505 0.07079646017699115 0.06930693069306931
0 0.17920353982300885 0.19554455445544555 0.09292035398230089 0.09405940594059406
0 0.6969026548672567 0.5717821782178217 0.10176991150442478 0.07425742574257425
1 0.8783185840707964 0.8341584158415841 0.084070796460177 0.08415841584158416
1 0.5464601769911505 0.13861386138613863 0.06637168141592921 0.09900990099009901
3 0.10398230088495575 0.11633663366336634 0.048672566371681415 0.054455445544554455
3 0.6061946902654868 0.09405940594059406 0.10619469026548672 0.06930693069306931
3 0.8849557522123894 0.4405940594059406 0.05309734513274336 0.07920792079207921
