1 0.4314159292035398 0.8143564356435643 0.09292035398230089 0.09405940594059406
1 0.26327433628318586 0.10396039603960396 0.11061946902654868 0.09900990099009901
1 0.41150442477876104 0.8044554455445545 0.07079646017699115 0.08415841584158416
2 0.06637168141592921 0.04702970297029703 0.07079646017699115 0.07425742574257425
2 0.2234513274336283 0.37376237623762376 0.084070796460177 0.07425742574257425
2 0.4469026548672566 0.19801980198019803 0.07079646017699115 0.07920792079207921
2 0.06415929203539823 0.6113861386138614 0.084070796460177 0.09405940594059406
2 0.7632743362831859 0.6584158415841584 0.06637168141592921 0.07920792079207921
3 0.5353982300884956 0.15099009900990099 0.061946902654867256 0.06435643564356436
3 0.2323008849557522 0.504950495049505 0.06637168141592921 0.07920792079207921
